%  SAM: ./modelfromalign_Darwin v3.5 (July 15, 2005) compiled 03/03/09_11:47:37
%  (c) 1992-2001 Regents of the University of California, Santa Cruz
%
%          Sequence Alignment and Modeling Software System
%         http://www.cse.ucsc.edu/research/compbio/sam.html
%
% ----------------- Citations (SAM, SAM-T2K, HMMs) --------------------
% R. Hughey, A. Krogh, Hidden Markov models for sequence analysis:
%  Extension and analysis of the basic method, CABIOS 12:95-107, 1996.
% K. Karplus, et al., What is the value added by human intervention in protein
%  structure prediction, Proteins: Stucture, Function, Genetics 45(S5):86--91, 2001.
% A. Krogh et al., Hidden Markov models in computational biology:
%  Applications to protein modeling, JMB 235:1501-1531, Feb 1994.
% ---------------------------------------------------------------------
%  BA-woSHGF_hmm   Host: dddeMacBook-Air    Thu Aug 22 20:11:05 2019
%  Xueting         Dir:  /Volumes/Xueting2019/flu-amd-201805/LABEL_RES/scripts
% ---------------------------------------------------------------------
%  Alignment weights from internal calc.  Total (16.43) Max (0.09) Min (0.05)
%  Weights from alignment method 1 (karplus), b=-1.000000, e=0.500000
MODEL --  Model from alignment file BA-withoutSHGF.fasta
alphabet DNA
FREQAVE
0.000000 0.000000 0.000000 
0.000000 0.000000 0.000000 
0.000000 0.000000 0.000000 
0.385008 0.161684 0.169161 0.284147 
0.385008 0.161684 0.169161 0.284147 
Begin
0.000000 0.000000 0.000000 
0.000000 0.000000 0.000000 
0.000000 0.008190 0.491768 
0.250000 0.250000 0.250000 0.250000 
0.250000 0.250000 0.250000 0.250000 
   1
0.000000 0.509885 0.046210 
0.000000 0.481925 0.462022 
0.011156 0.016447 0.491768 
0.335500 0.221500 0.221500 0.221500 
0.250000 0.250000 0.250000 0.250000 
   2
0.898905 0.015766 0.046210 
0.089939 0.967787 0.462022 
0.011156 0.016447 0.491768 
0.221500 0.221500 0.335500 0.221500 
0.250000 0.250000 0.250000 0.250000 
   3
0.898905 0.015766 0.046210 
0.089939 0.967787 0.462022 
0.011156 0.016447 0.491768 
0.221500 0.335500 0.221500 0.221500 
0.250000 0.250000 0.250000 0.250000 
   4
0.894532 0.015766 0.046210 
0.094311 0.967787 0.462022 
0.011205 0.016358 0.491768 
0.205397 0.311109 0.278098 0.205397 
0.250000 0.250000 0.250000 0.250000 
   5
0.895610 0.015680 0.046210 
0.093185 0.967963 0.462022 
0.011237 0.016300 0.491768 
0.265564 0.196139 0.342158 0.196139 
0.250000 0.250000 0.250000 0.250000 
   6
0.898171 0.015625 0.046210 
0.090592 0.968075 0.462022 
0.011237 0.016300 0.491768 
0.196139 0.196139 0.342158 0.265564 
0.250000 0.250000 0.250000 0.250000 
   7
0.898171 0.015625 0.046210 
0.090592 0.968075 0.462022 
0.011237 0.016300 0.491768 
0.411583 0.196139 0.196139 0.196139 
0.250000 0.250000 0.250000 0.250000 
   8
0.898171 0.015625 0.046210 
0.090592 0.968075 0.462022 
0.011237 0.016300 0.491768 
0.196139 0.342158 0.265564 0.196139 
0.250000 0.250000 0.250000 0.250000 
   9
0.898171 0.015625 0.046210 
0.090592 0.968075 0.462022 
0.011237 0.016300 0.491768 
0.265564 0.196139 0.196139 0.342158 
0.250000 0.250000 0.250000 0.250000 
  10
0.672809 0.015625 0.046210 
0.315954 0.968075 0.462022 
0.014507 0.012760 0.491768 
0.855485 0.043088 0.058339 0.043088 
0.250000 0.250000 0.250000 0.250000 
  11
0.868546 0.058819 0.046210 
0.116947 0.928422 0.462022 
0.013655 0.013383 0.491768 
0.051749 0.070066 0.826435 0.051749 
0.250000 0.250000 0.250000 0.250000 
  12
0.817532 0.012829 0.046210 
0.168814 0.973788 0.462022 
0.014507 0.012760 0.491768 
0.058339 0.855485 0.043088 0.043088 
0.250000 0.250000 0.250000 0.250000 
  13
0.864884 0.012231 0.046210 
0.120609 0.975010 0.462022 
0.014560 0.012725 0.491768 
0.042669 0.042669 0.871993 0.042669 
0.250000 0.250000 0.250000 0.250000 
  14
0.868063 0.012198 0.046210 
0.117377 0.975078 0.462022 
0.014560 0.012725 0.491768 
0.042669 0.871993 0.042669 0.042669 
0.250000 0.250000 0.250000 0.250000 
  15
0.864153 0.016314 0.046210 
0.121287 0.970961 0.462022 
0.014536 0.012740 0.491768 
0.856267 0.042855 0.058024 0.042855 
0.250000 0.250000 0.250000 0.250000 
  16
0.862739 0.012212 0.046210 
0.122725 0.975047 0.462022 
0.014617 0.012688 0.491768 
0.858356 0.042232 0.042232 0.057180 
0.250000 0.250000 0.250000 0.250000 
  17
0.867545 0.012162 0.046210 
0.117838 0.975150 0.462022 
0.014617 0.012688 0.491768 
0.873304 0.042232 0.042232 0.042232 
0.250000 0.250000 0.250000 0.250000 
  18
0.867545 0.012162 0.046210 
0.117838 0.975150 0.462022 
0.014617 0.012688 0.491768 
0.858356 0.042232 0.042232 0.057180 
0.250000 0.250000 0.250000 0.250000 
  19
0.867545 0.012162 0.046210 
0.117838 0.975150 0.462022 
0.014617 0.012688 0.491768 
0.858356 0.042232 0.042232 0.057180 
0.250000 0.250000 0.250000 0.250000 
  20
0.867545 0.012162 0.046210 
0.117838 0.975150 0.462022 
0.014617 0.012688 0.491768 
0.858356 0.042232 0.057180 0.042232 
0.250000 0.250000 0.250000 0.250000 
  21
0.867545 0.012162 0.046210 
0.117838 0.975150 0.462022 
0.014617 0.012688 0.491768 
0.042232 0.042232 0.057180 0.858356 
0.250000 0.250000 0.250000 0.250000 
  22
0.867545 0.012162 0.046210 
0.117838 0.975150 0.462022 
0.014617 0.012688 0.491768 
0.042232 0.858356 0.042232 0.057180 
0.250000 0.250000 0.250000 0.250000 
  23
0.867545 0.012162 0.046210 
0.117838 0.975150 0.462022 
0.014617 0.012688 0.491768 
0.057180 0.042232 0.858356 0.042232 
0.250000 0.250000 0.250000 0.250000 
  24
0.867545 0.012162 0.046210 
0.117838 0.975150 0.462022 
0.014617 0.012688 0.491768 
0.042232 0.858356 0.042232 0.057180 
0.250000 0.250000 0.250000 0.250000 
  25
0.867545 0.012162 0.046210 
0.117838 0.975150 0.462022 
0.014617 0.012688 0.491768 
0.042232 0.042232 0.057180 0.858356 
0.250000 0.250000 0.250000 0.250000 
  26
0.863715 0.012162 0.046210 
0.121667 0.975150 0.462022 
0.014673 0.012652 0.491768 
0.874557 0.041814 0.041814 0.041814 
0.250000 0.250000 0.250000 0.250000 
  27
0.867036 0.012128 0.046210 
0.118291 0.975220 0.462022 
0.014673 0.012652 0.491768 
0.041814 0.041814 0.874557 0.041814 
0.250000 0.250000 0.250000 0.250000 
  28
0.867036 0.012128 0.046210 
0.118291 0.975220 0.462022 
0.014673 0.012652 0.491768 
0.041814 0.041814 0.041814 0.874557 
0.250000 0.250000 0.250000 0.250000 
  29
0.867036 0.012128 0.046210 
0.118291 0.975220 0.462022 
0.014673 0.012652 0.491768 
0.874557 0.041814 0.041814 0.041814 
0.250000 0.250000 0.250000 0.250000 
  30
0.867036 0.012128 0.046210 
0.118291 0.975220 0.462022 
0.014673 0.012652 0.491768 
0.041814 0.041814 0.874557 0.041814 
0.250000 0.250000 0.250000 0.250000 
  31
0.699942 0.012128 0.046210 
0.285385 0.975220 0.462022 
0.017617 0.011274 0.491768 
0.912277 0.029241 0.029241 0.029241 
0.250000 0.250000 0.250000 0.250000 
  32
0.816175 0.010806 0.046210 
0.166208 0.977920 0.462022 
0.018054 0.011127 0.491768 
0.915346 0.028218 0.028218 0.028218 
0.250000 0.250000 0.250000 0.250000 
  33
0.823141 0.010666 0.046210 
0.158805 0.978206 0.462022 
0.018296 0.011051 0.491768 
0.916902 0.027699 0.027699 0.027699 
0.250000 0.250000 0.250000 0.250000 
  34
0.825075 0.010593 0.046210 
0.156628 0.978356 0.462022 
0.018465 0.010999 0.491768 
0.027358 0.027358 0.917926 0.027358 
0.250000 0.250000 0.250000 0.250000 
  35
0.756826 0.010543 0.046210 
0.224710 0.978457 0.462022 
0.019981 0.010593 0.491768 
0.024837 0.024837 0.024837 0.925488 
0.250000 0.250000 0.250000 0.250000 
  36
0.818944 0.010154 0.046210 
0.161075 0.979253 0.462022 
0.019981 0.010593 0.491768 
0.024837 0.024837 0.024837 0.925488 
0.250000 0.250000 0.250000 0.250000 
  37
0.818944 0.010154 0.046210 
0.161075 0.979253 0.462022 
0.019981 0.010593 0.491768 
0.024837 0.925488 0.024837 0.024837 
0.250000 0.250000 0.250000 0.250000 
  38
0.818944 0.010154 0.046210 
0.161075 0.979253 0.462022 
0.019981 0.010593 0.491768 
0.024837 0.024837 0.925488 0.024837 
0.250000 0.250000 0.250000 0.250000 
  39
0.771764 0.010154 0.046210 
0.208255 0.979253 0.462022 
0.020970 0.010373 0.491768 
0.929236 0.023588 0.023588 0.023588 
0.250000 0.250000 0.250000 0.250000 
  40
0.809979 0.009943 0.046210 
0.169051 0.979684 0.462022 
0.020970 0.010373 0.491768 
0.023588 0.023588 0.929236 0.023588 
0.250000 0.250000 0.250000 0.250000 
  41
0.804444 0.009943 0.046210 
0.174586 0.979684 0.462022 
0.021087 0.010349 0.491768 
0.923955 0.023456 0.029132 0.023456 
0.250000 0.250000 0.250000 0.250000 
  42
0.808921 0.009920 0.046210 
0.169992 0.979731 0.462022 
0.021087 0.010349 0.491768 
0.023456 0.023456 0.922647 0.030441 
0.250000 0.250000 0.250000 0.250000 
  43
0.808921 0.009920 0.046210 
0.169992 0.979731 0.462022 
0.021087 0.010349 0.491768 
0.023456 0.023456 0.023456 0.929631 
0.250000 0.250000 0.250000 0.250000 
  44
0.808921 0.009920 0.046210 
0.169992 0.979731 0.462022 
0.021087 0.010349 0.491768 
0.023456 0.023456 0.918532 0.034556 
0.250000 0.250000 0.250000 0.250000 
  45
0.808921 0.009920 0.046210 
0.169992 0.979731 0.462022 
0.021087 0.010349 0.491768 
0.029047 0.924041 0.023456 0.023456 
0.250000 0.250000 0.250000 0.250000 
  46
0.808921 0.016530 0.046210 
0.169992 0.973121 0.462022 
0.020757 0.010418 0.491768 
0.922451 0.029876 0.023836 0.023836 
0.250000 0.250000 0.250000 0.250000 
  47
0.799244 0.009986 0.046210 
0.179998 0.979597 0.462022 
0.021023 0.010362 0.491768 
0.929418 0.023527 0.023527 0.023527 
0.250000 0.250000 0.250000 0.250000 
  48
0.804237 0.009932 0.046210 
0.174739 0.979706 0.462022 
0.021135 0.010339 0.491768 
0.929791 0.023403 0.023403 0.023403 
0.250000 0.250000 0.250000 0.250000 
  49
0.808487 0.009910 0.046210 
0.170378 0.979751 0.462022 
0.021135 0.010339 0.491768 
0.929791 0.023403 0.023403 0.023403 
0.250000 0.250000 0.250000 0.250000 
  50
0.797864 0.009910 0.046210 
0.181002 0.979751 0.462022 
0.021361 0.010294 0.491768 
0.924915 0.028771 0.023157 0.023157 
0.250000 0.250000 0.250000 0.250000 
  51
0.749501 0.009867 0.046210 
0.229138 0.979840 0.462022 
0.022651 0.010059 0.491768 
0.934197 0.021934 0.021934 0.021934 
0.250000 0.250000 0.250000 0.250000 
  52
0.788014 0.009642 0.046210 
0.189335 0.980298 0.462022 
0.022804 0.010034 0.491768 
0.922895 0.027640 0.021806 0.027658 
0.250000 0.250000 0.250000 0.250000 
  53
0.750315 0.013886 0.046210 
0.226881 0.976080 0.462022 
0.023549 0.009917 0.491768 
0.021227 0.021227 0.021227 0.936320 
0.250000 0.250000 0.250000 0.250000 
  54
0.755284 0.009506 0.046210 
0.221167 0.980577 0.462022 
0.024310 0.009807 0.491768 
0.020699 0.937903 0.020699 0.020699 
0.250000 0.250000 0.250000 0.250000 
  55
0.779709 0.009401 0.046210 
0.195981 0.980793 0.462022 
0.024310 0.009807 0.491768 
0.020699 0.937903 0.020699 0.020699 
0.250000 0.250000 0.250000 0.250000 
  56
0.779709 0.009401 0.046210 
0.195981 0.980793 0.462022 
0.024310 0.009807 0.491768 
0.020699 0.937903 0.020699 0.020699 
0.250000 0.250000 0.250000 0.250000 
  57
0.779709 0.009401 0.046210 
0.195981 0.980793 0.462022 
0.024310 0.009807 0.491768 
0.020699 0.937903 0.020699 0.020699 
0.250000 0.250000 0.250000 0.250000 
  58
0.779709 0.009401 0.046210 
0.195981 0.980793 0.462022 
0.024310 0.009807 0.491768 
0.020699 0.025638 0.932964 0.020699 
0.250000 0.250000 0.250000 0.250000 
  59
0.779709 0.009401 0.046210 
0.195981 0.980793 0.462022 
0.024310 0.009807 0.491768 
0.932964 0.020699 0.025638 0.020699 
0.250000 0.250000 0.250000 0.250000 
  60
0.779709 0.009401 0.046210 
0.195981 0.980793 0.462022 
0.024310 0.009807 0.491768 
0.937903 0.020699 0.020699 0.020699 
0.250000 0.250000 0.250000 0.250000 
  61
0.758921 0.009401 0.046210 
0.216769 0.980793 0.462022 
0.024827 0.009738 0.491768 
0.934119 0.020373 0.025134 0.020373 
0.250000 0.250000 0.250000 0.250000 
  62
0.775032 0.009334 0.046210 
0.200142 0.980928 0.462022 
0.024827 0.009738 0.491768 
0.020373 0.020373 0.020373 0.938880 
0.250000 0.250000 0.250000 0.250000 
  63
0.760002 0.009334 0.046210 
0.215172 0.980928 0.462022 
0.025205 0.009689 0.491768 
0.934845 0.020149 0.020149 0.024857 
0.250000 0.250000 0.250000 0.250000 
  64
0.771599 0.011590 0.046210 
0.203196 0.978720 0.462022 
0.025029 0.009712 0.491768 
0.939244 0.020252 0.020252 0.020252 
0.250000 0.250000 0.250000 0.250000 
  65
0.766192 0.009309 0.046210 
0.208780 0.980979 0.462022 
0.025205 0.009689 0.491768 
0.020149 0.939553 0.020149 0.020149 
0.250000 0.250000 0.250000 0.250000 
  66
0.771599 0.009288 0.046210 
0.203196 0.981023 0.462022 
0.025205 0.009689 0.491768 
0.939553 0.020149 0.020149 0.020149 
0.250000 0.250000 0.250000 0.250000 
  67
0.771599 0.011394 0.046210 
0.203196 0.978917 0.462022 
0.025044 0.009710 0.491768 
0.939270 0.020243 0.020243 0.020243 
0.250000 0.250000 0.250000 0.250000 
  68
0.766650 0.009307 0.046210 
0.208306 0.980983 0.462022 
0.025205 0.009689 0.491768 
0.020149 0.020149 0.205898 0.753804 
0.250000 0.250000 0.250000 0.250000 
  69
0.771599 0.009288 0.046210 
0.203196 0.981023 0.462022 
0.025205 0.009689 0.491768 
0.020149 0.020149 0.020149 0.939553 
0.250000 0.250000 0.250000 0.250000 
  70
0.771599 0.009288 0.046210 
0.203196 0.981023 0.462022 
0.025205 0.009689 0.491768 
0.020149 0.020149 0.020149 0.939553 
0.250000 0.250000 0.250000 0.250000 
  71
0.771599 0.009288 0.046210 
0.203196 0.981023 0.462022 
0.025205 0.009689 0.491768 
0.020149 0.939553 0.020149 0.020149 
0.250000 0.250000 0.250000 0.250000 
  72
0.771599 0.009288 0.046210 
0.203196 0.981023 0.462022 
0.025205 0.009689 0.491768 
0.939553 0.020149 0.020149 0.020149 
0.250000 0.250000 0.250000 0.250000 
  73
0.771599 0.011590 0.046210 
0.203196 0.978720 0.462022 
0.025029 0.009712 0.491768 
0.020252 0.020252 0.020252 0.939244 
0.250000 0.250000 0.250000 0.250000 
  74
0.766192 0.009309 0.046210 
0.208780 0.980979 0.462022 
0.025205 0.009689 0.491768 
0.939553 0.020149 0.020149 0.020149 
0.250000 0.250000 0.250000 0.250000 
  75
0.771599 0.009288 0.046210 
0.203196 0.981023 0.462022 
0.025205 0.009689 0.491768 
0.939553 0.020149 0.020149 0.020149 
0.250000 0.250000 0.250000 0.250000 
  76
0.764887 0.009288 0.046210 
0.209907 0.981023 0.462022 
0.025376 0.009668 0.491768 
0.020052 0.939845 0.020052 0.020052 
0.250000 0.250000 0.250000 0.250000 
  77
0.770056 0.009267 0.046210 
0.204569 0.981065 0.462022 
0.025376 0.009668 0.491768 
0.020052 0.020052 0.020052 0.939845 
0.250000 0.250000 0.250000 0.250000 
  78
0.770056 0.009267 0.046210 
0.204569 0.981065 0.462022 
0.025376 0.009668 0.491768 
0.039069 0.920827 0.020052 0.020052 
0.250000 0.250000 0.250000 0.250000 
  79
0.762195 0.009267 0.046210 
0.212429 0.981065 0.462022 
0.025577 0.009643 0.491768 
0.019940 0.019940 0.930151 0.029969 
0.250000 0.250000 0.250000 0.250000 
  80
0.240736 0.009244 0.046210 
0.733688 0.981113 0.462022 
0.054130 0.008251 0.491768 
0.014540 0.014540 0.018836 0.952084 
0.250000 0.250000 0.250000 0.250000 
  81
0.509492 0.007909 0.046210 
0.436378 0.983841 0.462022 
0.054130 0.008251 0.491768 
0.956380 0.014540 0.014540 0.014540 
0.250000 0.250000 0.250000 0.250000 
  82
0.509492 0.007909 0.046210 
0.436378 0.983841 0.462022 
0.054130 0.008251 0.491768 
0.018239 0.014540 0.014540 0.952680 
0.250000 0.250000 0.250000 0.250000 
  83
0.509492 0.009702 0.046210 
0.436378 0.982047 0.462022 
0.053390 0.008265 0.491768 
0.014589 0.014589 0.014589 0.956232 
0.250000 0.250000 0.250000 0.250000 
  84
0.502527 0.007923 0.046210 
0.444083 0.983812 0.462022 
0.054130 0.008251 0.491768 
0.017996 0.014540 0.017821 0.949643 
0.250000 0.250000 0.250000 0.250000 
  85
0.509492 0.009702 0.046210 
0.436378 0.982047 0.462022 
0.053390 0.008265 0.491768 
0.956232 0.014589 0.014589 0.014589 
0.250000 0.250000 0.250000 0.250000 
  86
0.516197 0.011671 0.046210 
0.430412 0.980064 0.462022 
0.051910 0.008297 0.491768 
0.952512 0.018103 0.014693 0.014693 
0.250000 0.250000 0.250000 0.250000 
  87
0.515841 0.009727 0.046210 
0.432249 0.981977 0.462022 
0.051946 0.008296 0.491768 
0.024296 0.946324 0.014690 0.014690 
0.250000 0.250000 0.250000 0.250000 
  88
0.529285 0.009820 0.046210 
0.418769 0.981884 0.462022 
0.051240 0.008311 0.491768 
0.014742 0.014742 0.014742 0.955774 
0.250000 0.250000 0.250000 0.250000 
  89
0.522090 0.007967 0.046210 
0.426670 0.983722 0.462022 
0.051946 0.008296 0.491768 
0.014690 0.014690 0.951360 0.019260 
0.250000 0.250000 0.250000 0.250000 
  90
0.529285 0.009924 0.046210 
0.418769 0.981781 0.462022 
0.051201 0.008312 0.491768 
0.014745 0.018963 0.018072 0.948220 
0.250000 0.250000 0.250000 0.250000 
  91
0.521697 0.007968 0.046210 
0.427102 0.983720 0.462022 
0.051946 0.008296 0.491768 
0.931483 0.039137 0.014690 0.014690 
0.250000 0.250000 0.250000 0.250000 
  92
0.529285 0.007952 0.046210 
0.418769 0.983752 0.462022 
0.051946 0.008296 0.491768 
0.955930 0.014690 0.014690 0.014690 
0.250000 0.250000 0.250000 0.250000 
  93
0.515984 0.007952 0.046210 
0.432070 0.983752 0.462022 
0.052646 0.008281 0.491768 
0.014640 0.014640 0.866730 0.103989 
0.250000 0.250000 0.250000 0.250000 
  94
0.508785 0.007938 0.046210 
0.438569 0.983782 0.462022 
0.053402 0.008265 0.491768 
0.022167 0.014588 0.934536 0.028709 
0.250000 0.250000 0.250000 0.250000 
  95
0.516090 0.009809 0.046210 
0.430508 0.981926 0.462022 
0.052646 0.008281 0.491768 
0.014640 0.014640 0.042366 0.928353 
0.250000 0.250000 0.250000 0.250000 
  96
0.495523 0.007938 0.046210 
0.451830 0.983782 0.462022 
0.054130 0.008251 0.491768 
0.018066 0.014540 0.021917 0.945477 
0.250000 0.250000 0.250000 0.250000 
  97
0.509492 0.007909 0.046210 
0.436378 0.983841 0.462022 
0.054130 0.008251 0.491768 
0.014540 0.014540 0.021174 0.949746 
0.250000 0.250000 0.250000 0.250000 
  98
0.509492 0.007909 0.046210 
0.436378 0.983841 0.462022 
0.054130 0.008251 0.491768 
0.014540 0.014540 0.018282 0.952637 
0.250000 0.250000 0.250000 0.250000 
  99
0.509492 0.007909 0.046210 
0.436378 0.983841 0.462022 
0.054130 0.008251 0.491768 
0.014540 0.014540 0.123177 0.847742 
0.250000 0.250000 0.250000 0.250000 
 100
0.509492 0.007909 0.046210 
0.436378 0.983841 0.462022 
0.054130 0.008251 0.491768 
0.887009 0.014540 0.014540 0.083911 
0.250000 0.250000 0.250000 0.250000 
 101
0.509492 0.007909 0.046210 
0.436378 0.983841 0.462022 
0.054130 0.008251 0.491768 
0.956380 0.014540 0.014540 0.014540 
0.250000 0.250000 0.250000 0.250000 
 102
0.509492 0.007909 0.046210 
0.436378 0.983841 0.462022 
0.054130 0.008251 0.491768 
0.014540 0.014540 0.014540 0.956380 
0.250000 0.250000 0.250000 0.250000 
 103
0.494782 0.007909 0.046210 
0.451087 0.983841 0.462022 
0.054939 0.008235 0.491768 
0.014488 0.014488 0.951714 0.019309 
0.250000 0.250000 0.250000 0.250000 
 104
0.502169 0.007894 0.046210 
0.442893 0.983871 0.462022 
0.054939 0.008235 0.491768 
0.956535 0.014488 0.014488 0.014488 
0.250000 0.250000 0.250000 0.250000 
 105
0.488734 0.007894 0.046210 
0.456328 0.983871 0.462022 
0.055687 0.008221 0.491768 
0.014442 0.956673 0.014442 0.014442 
0.250000 0.250000 0.250000 0.250000 
 106
0.495389 0.007880 0.046210 
0.448924 0.983899 0.462022 
0.055687 0.008221 0.491768 
0.952799 0.014442 0.014442 0.018317 
0.250000 0.250000 0.250000 0.250000 
 107
0.495389 0.007880 0.046210 
0.448924 0.983899 0.462022 
0.055687 0.008221 0.491768 
0.956673 0.014442 0.014442 0.014442 
0.250000 0.250000 0.250000 0.250000 
 108
0.495389 0.007880 0.046210 
0.448924 0.983899 0.462022 
0.055687 0.008221 0.491768 
0.956673 0.014442 0.014442 0.014442 
0.250000 0.250000 0.250000 0.250000 
 109
0.495389 0.007880 0.046210 
0.448924 0.983899 0.462022 
0.055687 0.008221 0.491768 
0.014442 0.014442 0.014442 0.956673 
0.250000 0.250000 0.250000 0.250000 
 110
0.495389 0.007880 0.046210 
0.448924 0.983899 0.462022 
0.055687 0.008221 0.491768 
0.014442 0.956673 0.014442 0.014442 
0.250000 0.250000 0.250000 0.250000 
 111
0.495389 0.007880 0.046210 
0.448924 0.983899 0.462022 
0.055687 0.008221 0.491768 
0.014442 0.956673 0.014442 0.014442 
0.250000 0.250000 0.250000 0.250000 
 112
0.495389 0.007880 0.046210 
0.448924 0.983899 0.462022 
0.055687 0.008221 0.491768 
0.014442 0.956673 0.014442 0.014442 
0.250000 0.250000 0.250000 0.250000 
 113
0.495389 0.007880 0.046210 
0.448924 0.983899 0.462022 
0.055687 0.008221 0.491768 
0.014442 0.956673 0.014442 0.014442 
0.250000 0.250000 0.250000 0.250000 
 114
0.495389 0.007880 0.046210 
0.448924 0.983899 0.462022 
0.055687 0.008221 0.491768 
0.021358 0.014442 0.014442 0.949757 
0.250000 0.250000 0.250000 0.250000 
 115
0.495389 0.007880 0.046210 
0.448924 0.983899 0.462022 
0.055687 0.008221 0.491768 
0.014442 0.956673 0.014442 0.014442 
0.250000 0.250000 0.250000 0.250000 
 116
0.495389 0.007880 0.046210 
0.448924 0.983899 0.462022 
0.055687 0.008221 0.491768 
0.014442 0.014442 0.952180 0.018935 
0.250000 0.250000 0.250000 0.250000 
 117
0.495389 0.007880 0.046210 
0.448924 0.983899 0.462022 
0.055687 0.008221 0.491768 
0.956673 0.014442 0.014442 0.014442 
0.250000 0.250000 0.250000 0.250000 
 118
0.495389 0.007880 0.046210 
0.448924 0.983899 0.462022 
0.055687 0.008221 0.491768 
0.956673 0.014442 0.014442 0.014442 
0.250000 0.250000 0.250000 0.250000 
 119
0.495389 0.007880 0.046210 
0.448924 0.983899 0.462022 
0.055687 0.008221 0.491768 
0.014442 0.014442 0.017992 0.953123 
0.250000 0.250000 0.250000 0.250000 
 120
0.495389 0.007880 0.046210 
0.448924 0.983899 0.462022 
0.055687 0.008221 0.491768 
0.014442 0.014442 0.014442 0.956673 
0.250000 0.250000 0.250000 0.250000 
 121
0.495389 0.007880 0.046210 
0.448924 0.983899 0.462022 
0.055687 0.008221 0.491768 
0.014442 0.014442 0.956673 0.014442 
0.250000 0.250000 0.250000 0.250000 
 122
0.495389 0.007880 0.046210 
0.448924 0.983899 0.462022 
0.055687 0.008221 0.491768 
0.956673 0.014442 0.014442 0.014442 
0.250000 0.250000 0.250000 0.250000 
 123
0.495389 0.007880 0.046210 
0.448924 0.983899 0.462022 
0.055687 0.008221 0.491768 
0.017937 0.014442 0.949679 0.017941 
0.250000 0.250000 0.250000 0.250000 
 124
0.495389 0.007880 0.046210 
0.448924 0.983899 0.462022 
0.055687 0.008221 0.491768 
0.014442 0.014442 0.014442 0.956673 
0.250000 0.250000 0.250000 0.250000 
 125
0.495389 0.007880 0.046210 
0.448924 0.983899 0.462022 
0.055687 0.008221 0.491768 
0.022359 0.948756 0.014442 0.014442 
0.250000 0.250000 0.250000 0.250000 
 126
0.495389 0.007880 0.046210 
0.448924 0.983899 0.462022 
0.055687 0.008221 0.491768 
0.956673 0.014442 0.014442 0.014442 
0.250000 0.250000 0.250000 0.250000 
 127
0.495389 0.007880 0.046210 
0.448924 0.983899 0.462022 
0.055687 0.008221 0.491768 
0.014442 0.956673 0.014442 0.014442 
0.250000 0.250000 0.250000 0.250000 
 128
0.480845 0.007880 0.046210 
0.463468 0.983899 0.462022 
0.056509 0.008206 0.491768 
0.014393 0.014393 0.953233 0.017981 
0.250000 0.250000 0.250000 0.250000 
 129
0.487942 0.007866 0.046210 
0.455550 0.983928 0.462022 
0.056509 0.008206 0.491768 
0.956820 0.014393 0.014393 0.014393 
0.250000 0.250000 0.250000 0.250000 
 130
0.487942 0.007866 0.046210 
0.455550 0.983928 0.462022 
0.056509 0.008206 0.491768 
0.014393 0.014393 0.014393 0.956820 
0.250000 0.250000 0.250000 0.250000 
 131
0.487942 0.007866 0.046210 
0.455550 0.983928 0.462022 
0.056509 0.008206 0.491768 
0.014393 0.956820 0.014393 0.014393 
0.250000 0.250000 0.250000 0.250000 
 132
0.487942 0.007866 0.046210 
0.455550 0.983928 0.462022 
0.056509 0.008206 0.491768 
0.956820 0.014393 0.014393 0.014393 
0.250000 0.250000 0.250000 0.250000 
 133
0.487942 0.007866 0.046210 
0.455550 0.983928 0.462022 
0.056509 0.008206 0.491768 
0.014393 0.014393 0.014393 0.956820 
0.250000 0.250000 0.250000 0.250000 
 134
0.487942 0.007866 0.046210 
0.455550 0.983928 0.462022 
0.056509 0.008206 0.491768 
0.949837 0.014393 0.017910 0.017861 
0.250000 0.250000 0.250000 0.250000 
 135
0.487942 0.007866 0.046210 
0.455550 0.983928 0.462022 
0.056509 0.008206 0.491768 
0.956820 0.014393 0.014393 0.014393 
0.250000 0.250000 0.250000 0.250000 
 136
0.487942 0.007866 0.046210 
0.455550 0.983928 0.462022 
0.056509 0.008206 0.491768 
0.956820 0.014393 0.014393 0.014393 
0.250000 0.250000 0.250000 0.250000 
 137
0.487942 0.007866 0.046210 
0.455550 0.983928 0.462022 
0.056509 0.008206 0.491768 
0.018167 0.953046 0.014393 0.014393 
0.250000 0.250000 0.250000 0.250000 
 138
0.487942 0.007866 0.046210 
0.455550 0.983928 0.462022 
0.056509 0.008206 0.491768 
0.022311 0.948903 0.014393 0.014393 
0.250000 0.250000 0.250000 0.250000 
 139
0.487942 0.007866 0.046210 
0.455550 0.983928 0.462022 
0.056509 0.008206 0.491768 
0.014393 0.014393 0.014393 0.956820 
0.250000 0.250000 0.250000 0.250000 
 140
0.487942 0.007866 0.046210 
0.455550 0.983928 0.462022 
0.056509 0.008206 0.491768 
0.014393 0.014393 0.018377 0.952836 
0.250000 0.250000 0.250000 0.250000 
 141
0.487942 0.007866 0.046210 
0.455550 0.983928 0.462022 
0.056509 0.008206 0.491768 
0.953516 0.017697 0.014393 0.014393 
0.250000 0.250000 0.250000 0.250000 
 142
0.487942 0.007866 0.046210 
0.455550 0.983928 0.462022 
0.056509 0.008206 0.491768 
0.014393 0.956820 0.014393 0.014393 
0.250000 0.250000 0.250000 0.250000 
 143
0.487942 0.007866 0.046210 
0.455550 0.983928 0.462022 
0.056509 0.008206 0.491768 
0.949946 0.021267 0.014393 0.014393 
0.250000 0.250000 0.250000 0.250000 
 144
0.487942 0.007866 0.046210 
0.455550 0.983928 0.462022 
0.056509 0.008206 0.491768 
0.014393 0.014393 0.014393 0.956820 
0.250000 0.250000 0.250000 0.250000 
 145
0.487942 0.007866 0.046210 
0.455550 0.983928 0.462022 
0.056509 0.008206 0.491768 
0.014393 0.014393 0.014393 0.956820 
0.250000 0.250000 0.250000 0.250000 
 146
0.487942 0.007866 0.046210 
0.455550 0.983928 0.462022 
0.056509 0.008206 0.491768 
0.953411 0.017803 0.014393 0.014393 
0.250000 0.250000 0.250000 0.250000 
 147
0.487942 0.007866 0.046210 
0.455550 0.983928 0.462022 
0.056509 0.008206 0.491768 
0.014393 0.014393 0.956820 0.014393 
0.250000 0.250000 0.250000 0.250000 
 148
0.472323 0.007866 0.046210 
0.471168 0.983928 0.462022 
0.057405 0.008190 0.491768 
0.956975 0.014342 0.014342 0.014342 
0.250000 0.250000 0.250000 0.250000 
 149
0.479817 0.007851 0.046210 
0.462778 0.983959 0.462022 
0.057405 0.008190 0.491768 
0.956975 0.014342 0.014342 0.014342 
0.250000 0.250000 0.250000 0.250000 
 150
0.479817 0.007851 0.046210 
0.462778 0.983959 0.462022 
0.057405 0.008190 0.491768 
0.956975 0.014342 0.014342 0.014342 
0.250000 0.250000 0.250000 0.250000 
 151
0.479817 0.007851 0.046210 
0.462778 0.983959 0.462022 
0.057405 0.008190 0.491768 
0.956975 0.014342 0.014342 0.014342 
0.250000 0.250000 0.250000 0.250000 
 152
0.479817 0.007851 0.046210 
0.462778 0.983959 0.462022 
0.057405 0.008190 0.491768 
0.014342 0.014342 0.014342 0.956975 
0.250000 0.250000 0.250000 0.250000 
 153
0.479817 0.007851 0.046210 
0.462778 0.983959 0.462022 
0.057405 0.008190 0.491768 
0.014342 0.014342 0.014342 0.956975 
0.250000 0.250000 0.250000 0.250000 
 154
0.479817 0.007851 0.046210 
0.462778 0.983959 0.462022 
0.057405 0.008190 0.491768 
0.014342 0.014342 0.014342 0.956975 
0.250000 0.250000 0.250000 0.250000 
 155
0.479817 0.007851 0.046210 
0.462778 0.983959 0.462022 
0.057405 0.008190 0.491768 
0.721775 0.249541 0.014342 0.014342 
0.250000 0.250000 0.250000 0.250000 
 156
0.479817 0.007851 0.046210 
0.462778 0.983959 0.462022 
0.057405 0.008190 0.491768 
0.014342 0.014342 0.014342 0.956975 
0.250000 0.250000 0.250000 0.250000 
 157
0.479817 0.007851 0.046210 
0.462778 0.983959 0.462022 
0.057405 0.008190 0.491768 
0.014342 0.014342 0.014342 0.956975 
0.250000 0.250000 0.250000 0.250000 
 158
0.479817 0.007851 0.046210 
0.462778 0.983959 0.462022 
0.057405 0.008190 0.491768 
0.014342 0.014342 0.014342 0.956975 
0.250000 0.250000 0.250000 0.250000 
 159
0.479817 0.007851 0.046210 
0.462778 0.983959 0.462022 
0.057405 0.008190 0.491768 
0.014342 0.956975 0.014342 0.014342 
0.250000 0.250000 0.250000 0.250000 
 160
0.479817 0.007851 0.046210 
0.462778 0.983959 0.462022 
0.057405 0.008190 0.491768 
0.956975 0.014342 0.014342 0.014342 
0.250000 0.250000 0.250000 0.250000 
 161
0.479817 0.007851 0.046210 
0.462778 0.983959 0.462022 
0.057405 0.008190 0.491768 
0.014342 0.014342 0.781230 0.190086 
0.250000 0.250000 0.250000 0.250000 
 162
0.479817 0.007851 0.046210 
0.462778 0.983959 0.462022 
0.057405 0.008190 0.491768 
0.956975 0.014342 0.014342 0.014342 
0.250000 0.250000 0.250000 0.250000 
 163
0.479817 0.007851 0.046210 
0.462778 0.983959 0.462022 
0.057405 0.008190 0.491768 
0.956975 0.014342 0.014342 0.014342 
0.250000 0.250000 0.250000 0.250000 
 164
0.479817 0.007851 0.046210 
0.462778 0.983959 0.462022 
0.057405 0.008190 0.491768 
0.014342 0.014342 0.014342 0.956975 
0.250000 0.250000 0.250000 0.250000 
 165
0.479817 0.007851 0.046210 
0.462778 0.983959 0.462022 
0.057405 0.008190 0.491768 
0.014342 0.956975 0.014342 0.014342 
0.250000 0.250000 0.250000 0.250000 
 166
0.479817 0.007851 0.046210 
0.462778 0.983959 0.462022 
0.057405 0.008190 0.491768 
0.956975 0.014342 0.014342 0.014342 
0.250000 0.250000 0.250000 0.250000 
 167
0.479817 0.007851 0.046210 
0.462778 0.983959 0.462022 
0.057405 0.008190 0.491768 
0.014342 0.014342 0.792851 0.178466 
0.250000 0.250000 0.250000 0.250000 
 168
0.479817 0.007851 0.046210 
0.462778 0.983959 0.462022 
0.057405 0.008190 0.491768 
0.014342 0.956975 0.014342 0.014342 
0.250000 0.250000 0.250000 0.250000 
 169
0.479817 0.007851 0.046210 
0.462778 0.983959 0.462022 
0.057405 0.008190 0.491768 
0.956975 0.014342 0.014342 0.014342 
0.250000 0.250000 0.250000 0.250000 
 170
0.479817 0.007851 0.046210 
0.462778 0.983959 0.462022 
0.057405 0.008190 0.491768 
0.956975 0.014342 0.014342 0.014342 
0.250000 0.250000 0.250000 0.250000 
 171
0.479817 0.007851 0.046210 
0.462778 0.983959 0.462022 
0.057405 0.008190 0.491768 
0.014342 0.956975 0.014342 0.014342 
0.250000 0.250000 0.250000 0.250000 
 172
0.479817 0.007851 0.046210 
0.462778 0.983959 0.462022 
0.057405 0.008190 0.491768 
0.014342 0.014342 0.014342 0.956975 
0.250000 0.250000 0.250000 0.250000 
 173
0.479817 0.007851 0.046210 
0.462778 0.983959 0.462022 
0.057405 0.008190 0.491768 
0.956975 0.014342 0.014342 0.014342 
0.250000 0.250000 0.250000 0.250000 
 174
0.479817 0.007851 0.046210 
0.462778 0.983959 0.462022 
0.057405 0.008190 0.491768 
0.014342 0.956975 0.014342 0.014342 
0.250000 0.250000 0.250000 0.250000 
 175
0.479817 0.007851 0.046210 
0.462778 0.983959 0.462022 
0.057405 0.008190 0.491768 
0.014342 0.014342 0.956975 0.014342 
0.250000 0.250000 0.250000 0.250000 
 176
0.479817 0.007851 0.046210 
0.462778 0.983959 0.462022 
0.057405 0.008190 0.491768 
0.949216 0.022100 0.014342 0.014342 
0.250000 0.250000 0.250000 0.250000 
 177
0.479817 0.007851 0.046210 
0.462778 0.983959 0.462022 
0.057405 0.008190 0.491768 
0.014342 0.014342 0.018445 0.952872 
0.250000 0.250000 0.250000 0.250000 
 178
0.479817 0.007851 0.046210 
0.462778 0.983959 0.462022 
0.057405 0.008190 0.491768 
0.014342 0.014342 0.014342 0.956975 
0.250000 0.250000 0.250000 0.250000 
 179
0.479817 0.007851 0.046210 
0.462778 0.983959 0.462022 
0.057405 0.008190 0.491768 
0.014342 0.956975 0.014342 0.014342 
0.250000 0.250000 0.250000 0.250000 
 180
0.479817 0.007851 0.046210 
0.462778 0.983959 0.462022 
0.057405 0.008190 0.491768 
0.014342 0.014342 0.014342 0.956975 
0.250000 0.250000 0.250000 0.250000 
 181
0.479817 0.007851 0.046210 
0.462778 0.983959 0.462022 
0.057405 0.008190 0.491768 
0.014342 0.014342 0.014342 0.956975 
0.250000 0.250000 0.250000 0.250000 
 182
0.479817 0.007851 0.046210 
0.462778 0.983959 0.462022 
0.057405 0.008190 0.491768 
0.956975 0.014342 0.014342 0.014342 
0.250000 0.250000 0.250000 0.250000 
 183
0.479817 0.007851 0.046210 
0.462778 0.983959 0.462022 
0.057405 0.008190 0.491768 
0.956975 0.014342 0.014342 0.014342 
0.250000 0.250000 0.250000 0.250000 
 184
0.479817 0.007851 0.046210 
0.462778 0.983959 0.462022 
0.057405 0.008190 0.491768 
0.956975 0.014342 0.014342 0.014342 
0.250000 0.250000 0.250000 0.250000 
 185
0.479817 0.007851 0.046210 
0.462778 0.983959 0.462022 
0.057405 0.008190 0.491768 
0.956975 0.014342 0.014342 0.014342 
0.250000 0.250000 0.250000 0.250000 
 186
0.479817 0.007851 0.046210 
0.462778 0.983959 0.462022 
0.057405 0.008190 0.491768 
0.956975 0.014342 0.014342 0.014342 
0.250000 0.250000 0.250000 0.250000 
 187
0.479817 0.007851 0.046210 
0.462778 0.983959 0.462022 
0.057405 0.008190 0.491768 
0.014342 0.014342 0.014342 0.956975 
0.250000 0.250000 0.250000 0.250000 
 188
0.479817 0.007851 0.046210 
0.462778 0.983959 0.462022 
0.057405 0.008190 0.491768 
0.948876 0.019113 0.014342 0.017669 
0.250000 0.250000 0.250000 0.250000 
 189
0.479817 0.007851 0.046210 
0.462778 0.983959 0.462022 
0.057405 0.008190 0.491768 
0.956975 0.014342 0.014342 0.014342 
0.250000 0.250000 0.250000 0.250000 
 190
0.479817 0.007851 0.046210 
0.462778 0.983959 0.462022 
0.057405 0.008190 0.491768 
0.014342 0.014342 0.956975 0.014342 
0.250000 0.250000 0.250000 0.250000 
 191
0.479817 0.007851 0.046210 
0.462778 0.983959 0.462022 
0.057405 0.008190 0.491768 
0.956975 0.014342 0.014342 0.014342 
0.250000 0.250000 0.250000 0.250000 
 192
0.479817 0.007851 0.046210 
0.462778 0.983959 0.462022 
0.057405 0.008190 0.491768 
0.014342 0.014342 0.014342 0.956975 
0.250000 0.250000 0.250000 0.250000 
 193
0.479817 0.007851 0.046210 
0.462778 0.983959 0.462022 
0.057405 0.008190 0.491768 
0.014342 0.956975 0.014342 0.014342 
0.250000 0.250000 0.250000 0.250000 
 194
0.479817 0.007851 0.046210 
0.462778 0.983959 0.462022 
0.057405 0.008190 0.491768 
0.014342 0.014342 0.017663 0.953654 
0.250000 0.250000 0.250000 0.250000 
 195
0.479817 0.007851 0.046210 
0.462778 0.983959 0.462022 
0.057405 0.008190 0.491768 
0.014342 0.014342 0.018353 0.952963 
0.250000 0.250000 0.250000 0.250000 
 196
0.479817 0.007851 0.046210 
0.462778 0.983959 0.462022 
0.057405 0.008190 0.491768 
0.956975 0.014342 0.014342 0.014342 
0.250000 0.250000 0.250000 0.250000 
 197
0.479817 0.007851 0.046210 
0.462778 0.983959 0.462022 
0.057405 0.008190 0.491768 
0.014342 0.014342 0.019005 0.952311 
0.250000 0.250000 0.250000 0.250000 
 198
0.479817 0.007851 0.046210 
0.462778 0.983959 0.462022 
0.057405 0.008190 0.491768 
0.956975 0.014342 0.014342 0.014342 
0.250000 0.250000 0.250000 0.250000 
 199
0.479817 0.007851 0.046210 
0.462778 0.983959 0.462022 
0.057405 0.008190 0.491768 
0.014342 0.014342 0.956975 0.014342 
0.250000 0.250000 0.250000 0.250000 
 200
0.479817 0.007851 0.046210 
0.462778 0.983959 0.462022 
0.057405 0.008190 0.491768 
0.014342 0.014342 0.014342 0.956975 
0.250000 0.250000 0.250000 0.250000 
 201
0.479817 0.007851 0.046210 
0.462778 0.983959 0.462022 
0.057405 0.008190 0.491768 
0.014342 0.956975 0.014342 0.014342 
0.250000 0.250000 0.250000 0.250000 
 202
0.479817 0.007851 0.046210 
0.462778 0.983959 0.462022 
0.057405 0.008190 0.491768 
0.956975 0.014342 0.014342 0.014342 
0.250000 0.250000 0.250000 0.250000 
 203
0.479817 0.007851 0.046210 
0.462778 0.983959 0.462022 
0.057405 0.008190 0.491768 
0.014342 0.014342 0.950249 0.021068 
0.250000 0.250000 0.250000 0.250000 
 204
0.479817 0.007851 0.046210 
0.462778 0.983959 0.462022 
0.057405 0.008190 0.491768 
0.956975 0.014342 0.014342 0.014342 
0.250000 0.250000 0.250000 0.250000 
 205
0.479817 0.007851 0.046210 
0.462778 0.983959 0.462022 
0.057405 0.008190 0.491768 
0.956975 0.014342 0.014342 0.014342 
0.250000 0.250000 0.250000 0.250000 
 206
0.479817 0.007851 0.046210 
0.462778 0.983959 0.462022 
0.057405 0.008190 0.491768 
0.956975 0.014342 0.014342 0.014342 
0.250000 0.250000 0.250000 0.250000 
 207
0.479817 0.007851 0.046210 
0.462778 0.983959 0.462022 
0.057405 0.008190 0.491768 
0.014342 0.014342 0.014342 0.956975 
0.250000 0.250000 0.250000 0.250000 
 208
0.479817 0.007851 0.046210 
0.462778 0.983959 0.462022 
0.057405 0.008190 0.491768 
0.014342 0.014342 0.014342 0.956975 
0.250000 0.250000 0.250000 0.250000 
 209
0.479817 0.007851 0.046210 
0.462778 0.983959 0.462022 
0.057405 0.008190 0.491768 
0.952770 0.018547 0.014342 0.014342 
0.250000 0.250000 0.250000 0.250000 
 210
0.479817 0.007851 0.046210 
0.462778 0.983959 0.462022 
0.057405 0.008190 0.491768 
0.956975 0.014342 0.014342 0.014342 
0.250000 0.250000 0.250000 0.250000 
 211
0.479817 0.007851 0.046210 
0.462778 0.983959 0.462022 
0.057405 0.008190 0.491768 
0.014342 0.014342 0.014342 0.956975 
0.250000 0.250000 0.250000 0.250000 
 212
0.479817 0.007851 0.046210 
0.462778 0.983959 0.462022 
0.057405 0.008190 0.491768 
0.014342 0.014342 0.014342 0.956975 
0.250000 0.250000 0.250000 0.250000 
 213
0.479817 0.007851 0.046210 
0.462778 0.983959 0.462022 
0.057405 0.008190 0.491768 
0.014342 0.014342 0.956975 0.014342 
0.250000 0.250000 0.250000 0.250000 
 214
0.479817 0.007851 0.046210 
0.462778 0.983959 0.462022 
0.057405 0.008190 0.491768 
0.014342 0.014342 0.014342 0.956975 
0.250000 0.250000 0.250000 0.250000 
 215
0.479817 0.007851 0.046210 
0.462778 0.983959 0.462022 
0.057405 0.008190 0.491768 
0.014342 0.014342 0.022263 0.949054 
0.250000 0.250000 0.250000 0.250000 
 216
0.479817 0.007851 0.046210 
0.462778 0.983959 0.462022 
0.057405 0.008190 0.491768 
0.014342 0.014342 0.956975 0.014342 
0.250000 0.250000 0.250000 0.250000 
 217
0.479817 0.007851 0.046210 
0.462778 0.983959 0.462022 
0.057405 0.008190 0.491768 
0.014342 0.014342 0.014342 0.956975 
0.250000 0.250000 0.250000 0.250000 
 218
0.479817 0.007851 0.046210 
0.462778 0.983959 0.462022 
0.057405 0.008190 0.491768 
0.026658 0.944659 0.014342 0.014342 
0.250000 0.250000 0.250000 0.250000 
 219
0.479817 0.007851 0.046210 
0.462778 0.983959 0.462022 
0.057405 0.008190 0.491768 
0.956975 0.014342 0.014342 0.014342 
0.250000 0.250000 0.250000 0.250000 
 220
0.479817 0.007851 0.046210 
0.462778 0.983959 0.462022 
0.057405 0.008190 0.491768 
0.014342 0.014342 0.956975 0.014342 
0.250000 0.250000 0.250000 0.250000 
 221
0.479817 0.007851 0.046210 
0.462778 0.983959 0.462022 
0.057405 0.008190 0.491768 
0.014342 0.014342 0.017744 0.953573 
0.250000 0.250000 0.250000 0.250000 
 222
0.479817 0.007851 0.046210 
0.462778 0.983959 0.462022 
0.057405 0.008190 0.491768 
0.953622 0.017695 0.014342 0.014342 
0.250000 0.250000 0.250000 0.250000 
 223
0.479817 0.007851 0.046210 
0.462778 0.983959 0.462022 
0.057405 0.008190 0.491768 
0.956975 0.014342 0.014342 0.014342 
0.250000 0.250000 0.250000 0.250000 
 224
0.479817 0.007851 0.046210 
0.462778 0.983959 0.462022 
0.057405 0.008190 0.491768 
0.014342 0.014342 0.017646 0.953671 
0.250000 0.250000 0.250000 0.250000 
 225
0.479817 0.007851 0.046210 
0.462778 0.983959 0.462022 
0.057405 0.008190 0.491768 
0.014342 0.956975 0.014342 0.014342 
0.250000 0.250000 0.250000 0.250000 
 226
0.479817 0.007851 0.046210 
0.462778 0.983959 0.462022 
0.057405 0.008190 0.491768 
0.014342 0.014342 0.956975 0.014342 
0.250000 0.250000 0.250000 0.250000 
 227
0.479817 0.007851 0.046210 
0.462778 0.983959 0.462022 
0.057405 0.008190 0.491768 
0.956975 0.014342 0.014342 0.014342 
0.250000 0.250000 0.250000 0.250000 
 228
0.479817 0.007851 0.046210 
0.462778 0.983959 0.462022 
0.057405 0.008190 0.491768 
0.014342 0.014342 0.014342 0.956975 
0.250000 0.250000 0.250000 0.250000 
 229
0.479817 0.007851 0.046210 
0.462778 0.983959 0.462022 
0.057405 0.008190 0.491768 
0.014342 0.014342 0.014342 0.956975 
0.250000 0.250000 0.250000 0.250000 
 230
0.479817 0.007851 0.046210 
0.462778 0.983959 0.462022 
0.057405 0.008190 0.491768 
0.919966 0.051350 0.014342 0.014342 
0.250000 0.250000 0.250000 0.250000 
 231
0.479817 0.007851 0.046210 
0.462778 0.983959 0.462022 
0.057405 0.008190 0.491768 
0.014342 0.956975 0.014342 0.014342 
0.250000 0.250000 0.250000 0.250000 
 232
0.479817 0.007851 0.046210 
0.462778 0.983959 0.462022 
0.057405 0.008190 0.491768 
0.014342 0.014342 0.956975 0.014342 
0.250000 0.250000 0.250000 0.250000 
 233
0.479817 0.007851 0.046210 
0.462778 0.983959 0.462022 
0.057405 0.008190 0.491768 
0.014342 0.014342 0.824311 0.147005 
0.250000 0.250000 0.250000 0.250000 
 234
0.479817 0.007851 0.046210 
0.462778 0.983959 0.462022 
0.057405 0.008190 0.491768 
0.956975 0.014342 0.014342 0.014342 
0.250000 0.250000 0.250000 0.250000 
 235
0.479817 0.007851 0.046210 
0.462778 0.983959 0.462022 
0.057405 0.008190 0.491768 
0.956975 0.014342 0.014342 0.014342 
0.250000 0.250000 0.250000 0.250000 
 236
0.479817 0.007851 0.046210 
0.462778 0.983959 0.462022 
