%  SAM: /Users/jianichen/flu-amd/LABEL_RES/scripts/modelfromalign_Darwin v3.5 (July 15, 2005) compiled 03/03/09_11:47:37
%  (c) 1992-2001 Regents of the University of California, Santa Cruz
%
%          Sequence Alignment and Modeling Software System
%         http://www.cse.ucsc.edu/research/compbio/sam.html
%
% ----------------- Citations (SAM, SAM-T2K, HMMs) --------------------
% R. Hughey, A. Krogh, Hidden Markov models for sequence analysis:
%  Extension and analysis of the basic method, CABIOS 12:95-107, 1996.
% K. Karplus, et al., What is the value added by human intervention in protein
%  structure prediction, Proteins: Stucture, Function, Genetics 45(S5):86--91, 2001.
% A. Krogh et al., Hidden Markov models in computational biology:
%  Applications to protein modeling, JMB 235:1501-1531, Feb 1994.
% ---------------------------------------------------------------------
%  GA2-SHGF_hmm   Host: jb14855s-iMac.local    Thu Jan 23 14:48:12 2020
%  jianichen      Dir:  /Users/jianichen/flu-amd/LABEL_RES/scripts
% ---------------------------------------------------------------------
%  Alignment weights from internal calc.  Total (13.56) Max (0.13) Min (0.07)
%  Weights from alignment method 1 (karplus), b=-1.000000, e=0.500000
MODEL --  Model from alignment file GA2-SHGF.fasta
alphabet DNA
FREQAVE
0.000000 0.000000 0.000000 
0.000000 0.000000 0.000000 
0.000000 0.000000 0.000000 
0.390683 0.145446 0.225457 0.238414 
0.390683 0.145446 0.225457 0.238414 
Begin
0.000000 0.000000 0.000000 
0.000000 0.000000 0.000000 
0.000000 0.008983 0.491768 
0.250000 0.250000 0.250000 0.250000 
0.250000 0.250000 0.250000 0.250000 
   1
0.000000 0.008611 0.046210 
0.000000 0.982406 0.462022 
0.057405 0.008983 0.491768 
0.948505 0.017165 0.017165 0.017165 
0.250000 0.250000 0.250000 0.250000 
   2
0.479817 0.008611 0.046210 
0.462778 0.982406 0.462022 
0.057405 0.008983 0.491768 
0.017165 0.017165 0.017165 0.948505 
0.250000 0.250000 0.250000 0.250000 
   3
0.479817 0.008611 0.046210 
0.462778 0.982406 0.462022 
0.057405 0.008983 0.491768 
0.017165 0.948505 0.017165 0.017165 
0.250000 0.250000 0.250000 0.250000 
   4
0.479817 0.008611 0.046210 
0.462778 0.982406 0.462022 
0.057405 0.008983 0.491768 
0.017165 0.948505 0.017165 0.017165 
0.250000 0.250000 0.250000 0.250000 
   5
0.479817 0.008611 0.046210 
0.462778 0.982406 0.462022 
0.057405 0.008983 0.491768 
0.948505 0.017165 0.017165 0.017165 
0.250000 0.250000 0.250000 0.250000 
   6
0.479817 0.008611 0.046210 
0.462778 0.982406 0.462022 
0.057405 0.008983 0.491768 
0.935991 0.029679 0.017165 0.017165 
0.250000 0.250000 0.250000 0.250000 
   7
0.479817 0.008611 0.046210 
0.462778 0.982406 0.462022 
0.057405 0.008983 0.491768 
0.948505 0.017165 0.017165 0.017165 
0.250000 0.250000 0.250000 0.250000 
   8
0.479817 0.008611 0.046210 
0.462778 0.982406 0.462022 
0.057405 0.008983 0.491768 
0.948505 0.017165 0.017165 0.017165 
0.250000 0.250000 0.250000 0.250000 
   9
0.479817 0.008611 0.046210 
0.462778 0.982406 0.462022 
0.057405 0.008983 0.491768 
0.017165 0.017165 0.017165 0.948505 
0.250000 0.250000 0.250000 0.250000 
  10
0.479817 0.008611 0.046210 
0.462778 0.982406 0.462022 
0.057405 0.008983 0.491768 
0.948505 0.017165 0.017165 0.017165 
0.250000 0.250000 0.250000 0.250000 
  11
0.479817 0.008611 0.046210 
0.462778 0.982406 0.462022 
0.057405 0.008983 0.491768 
0.017165 0.017165 0.948505 0.017165 
0.250000 0.250000 0.250000 0.250000 
  12
0.479817 0.008611 0.046210 
0.462778 0.982406 0.462022 
0.057405 0.008983 0.491768 
0.948505 0.017165 0.017165 0.017165 
0.250000 0.250000 0.250000 0.250000 
  13
0.479817 0.008611 0.046210 
0.462778 0.982406 0.462022 
0.057405 0.008983 0.491768 
0.017165 0.017165 0.017165 0.948505 
0.250000 0.250000 0.250000 0.250000 
  14
0.479817 0.008611 0.046210 
0.462778 0.982406 0.462022 
0.057405 0.008983 0.491768 
0.017165 0.017165 0.948505 0.017165 
0.250000 0.250000 0.250000 0.250000 
  15
0.479817 0.008611 0.046210 
0.462778 0.982406 0.462022 
0.057405 0.008983 0.491768 
0.017165 0.017165 0.906310 0.059360 
0.250000 0.250000 0.250000 0.250000 
  16
0.479817 0.008611 0.046210 
0.462778 0.982406 0.462022 
0.057405 0.008983 0.491768 
0.948505 0.017165 0.017165 0.017165 
0.250000 0.250000 0.250000 0.250000 
  17
0.479817 0.008611 0.046210 
0.462778 0.982406 0.462022 
0.057405 0.008983 0.491768 
0.017165 0.017165 0.017165 0.948505 
0.250000 0.250000 0.250000 0.250000 
  18
0.479817 0.008611 0.046210 
0.462778 0.982406 0.462022 
0.057405 0.008983 0.491768 
0.948505 0.017165 0.017165 0.017165 
0.250000 0.250000 0.250000 0.250000 
  19
0.479817 0.008611 0.046210 
0.462778 0.982406 0.462022 
0.057405 0.008983 0.491768 
0.948505 0.017165 0.017165 0.017165 
0.250000 0.250000 0.250000 0.250000 
  20
0.479817 0.008611 0.046210 
0.462778 0.982406 0.462022 
0.057405 0.008983 0.491768 
0.017165 0.017165 0.948505 0.017165 
0.250000 0.250000 0.250000 0.250000 
  21
0.479817 0.008611 0.046210 
0.462778 0.982406 0.462022 
0.057405 0.008983 0.491768 
0.081219 0.017246 0.022235 0.879300 
0.250000 0.250000 0.250000 0.250000 
  22
0.479817 0.008611 0.046210 
0.462778 0.982406 0.462022 
0.057405 0.008983 0.491768 
0.948505 0.017165 0.017165 0.017165 
0.250000 0.250000 0.250000 0.250000 
  23
0.479817 0.008611 0.046210 
0.462778 0.982406 0.462022 
0.057405 0.008983 0.491768 
0.017165 0.017165 0.017165 0.948505 
0.250000 0.250000 0.250000 0.250000 
  24
0.479817 0.008611 0.046210 
0.462778 0.982406 0.462022 
0.057405 0.008983 0.491768 
0.948505 0.017165 0.017165 0.017165 
0.250000 0.250000 0.250000 0.250000 
  25
0.479817 0.008611 0.046210 
0.462778 0.982406 0.462022 
0.057405 0.008983 0.491768 
0.017165 0.948505 0.017165 0.017165 
0.250000 0.250000 0.250000 0.250000 
  26
0.479817 0.008611 0.046210 
0.462778 0.982406 0.462022 
0.057405 0.008983 0.491768 
0.948505 0.017165 0.017165 0.017165 
0.250000 0.250000 0.250000 0.250000 
  27
0.479817 0.008611 0.046210 
0.462778 0.982406 0.462022 
0.057405 0.008983 0.491768 
0.865395 0.100275 0.017165 0.017165 
0.250000 0.250000 0.250000 0.250000 
  28
0.479817 0.008611 0.046210 
0.462778 0.982406 0.462022 
0.057405 0.008983 0.491768 
0.017165 0.017165 0.017165 0.948505 
0.250000 0.250000 0.250000 0.250000 
  29
0.479817 0.008611 0.046210 
0.462778 0.982406 0.462022 
0.057405 0.008983 0.491768 
0.017165 0.017165 0.017165 0.948505 
0.250000 0.250000 0.250000 0.250000 
  30
0.479817 0.008611 0.046210 
0.462778 0.982406 0.462022 
0.057405 0.008983 0.491768 
0.017165 0.017165 0.948505 0.017165 
0.250000 0.250000 0.250000 0.250000 
  31
0.479817 0.008611 0.046210 
0.462778 0.982406 0.462022 
0.057405 0.008983 0.491768 
0.017246 0.017246 0.017246 0.948261 
0.250000 0.250000 0.250000 0.250000 
  32
0.479817 0.008611 0.046210 
0.462778 0.982406 0.462022 
0.057405 0.008983 0.491768 
0.017165 0.017165 0.948505 0.017165 
0.250000 0.250000 0.250000 0.250000 
  33
0.479817 0.008611 0.046210 
0.462778 0.982406 0.462022 
0.057405 0.008983 0.491768 
0.948505 0.017165 0.017165 0.017165 
0.250000 0.250000 0.250000 0.250000 
  34
0.479817 0.008611 0.046210 
0.462778 0.982406 0.462022 
0.057405 0.008983 0.491768 
0.948505 0.017165 0.017165 0.017165 
0.250000 0.250000 0.250000 0.250000 
  35
0.479817 0.008611 0.046210 
0.462778 0.982406 0.462022 
0.057405 0.008983 0.491768 
0.017165 0.948505 0.017165 0.017165 
0.250000 0.250000 0.250000 0.250000 
  36
0.479817 0.008611 0.046210 
0.462778 0.982406 0.462022 
0.057405 0.008983 0.491768 
0.022121 0.017165 0.943550 0.017165 
0.250000 0.250000 0.250000 0.250000 
  37
0.479817 0.008611 0.046210 
0.462778 0.982406 0.462022 
0.057405 0.008983 0.491768 
0.948505 0.017165 0.017165 0.017165 
0.250000 0.250000 0.250000 0.250000 
  38
0.479817 0.008611 0.046210 
0.462778 0.982406 0.462022 
0.057405 0.008983 0.491768 
0.948505 0.017165 0.017165 0.017165 
0.250000 0.250000 0.250000 0.250000 
  39
0.479817 0.008611 0.046210 
0.462778 0.982406 0.462022 
0.057405 0.008983 0.491768 
0.948505 0.017165 0.017165 0.017165 
0.250000 0.250000 0.250000 0.250000 
  40
0.479817 0.008611 0.046210 
0.462778 0.982406 0.462022 
0.057405 0.008983 0.491768 
0.017165 0.017165 0.017165 0.948505 
0.250000 0.250000 0.250000 0.250000 
  41
0.479817 0.008611 0.046210 
0.462778 0.982406 0.462022 
0.057405 0.008983 0.491768 
0.017165 0.017165 0.017165 0.948505 
0.250000 0.250000 0.250000 0.250000 
  42
0.479817 0.008611 0.046210 
0.462778 0.982406 0.462022 
0.057405 0.008983 0.491768 
0.017165 0.017165 0.948505 0.017165 
0.250000 0.250000 0.250000 0.250000 
  43
0.479817 0.008611 0.046210 
0.462778 0.982406 0.462022 
0.057405 0.008983 0.491768 
0.017165 0.017165 0.017165 0.948505 
0.250000 0.250000 0.250000 0.250000 
  44
0.479817 0.008611 0.046210 
0.462778 0.982406 0.462022 
0.057405 0.008983 0.491768 
0.017165 0.948505 0.017165 0.017165 
0.250000 0.250000 0.250000 0.250000 
  45
0.479817 0.008611 0.046210 
0.462778 0.982406 0.462022 
0.057405 0.008983 0.491768 
0.017165 0.948505 0.017165 0.017165 
0.250000 0.250000 0.250000 0.250000 
  46
0.479817 0.008611 0.046210 
0.462778 0.982406 0.462022 
0.057405 0.008983 0.491768 
0.017165 0.017165 0.948505 0.017165 
0.250000 0.250000 0.250000 0.250000 
  47
0.479817 0.008611 0.046210 
0.462778 0.982406 0.462022 
0.057405 0.008983 0.491768 
0.017165 0.017165 0.948505 0.017165 
0.250000 0.250000 0.250000 0.250000 
  48
0.479817 0.008611 0.046210 
0.462778 0.982406 0.462022 
0.057405 0.008983 0.491768 
0.017165 0.017165 0.017165 0.948505 
0.250000 0.250000 0.250000 0.250000 
  49
0.479817 0.008611 0.046210 
0.462778 0.982406 0.462022 
0.057405 0.008983 0.491768 
0.017165 0.017165 0.017165 0.948505 
0.250000 0.250000 0.250000 0.250000 
  50
0.479817 0.008611 0.046210 
0.462778 0.982406 0.462022 
0.057405 0.008983 0.491768 
0.943819 0.017165 0.017165 0.021851 
0.250000 0.250000 0.250000 0.250000 
  51
0.479817 0.008611 0.046210 
0.462778 0.982406 0.462022 
0.057405 0.008983 0.491768 
0.017165 0.017165 0.948505 0.017165 
0.250000 0.250000 0.250000 0.250000 
  52
0.479817 0.008611 0.046210 
0.462778 0.982406 0.462022 
0.057405 0.008983 0.491768 
0.017165 0.017165 0.017165 0.948505 
0.250000 0.250000 0.250000 0.250000 
  53
0.479817 0.008611 0.046210 
0.462778 0.982406 0.462022 
0.057405 0.008983 0.491768 
0.017165 0.017165 0.017165 0.948505 
0.250000 0.250000 0.250000 0.250000 
  54
0.479817 0.008611 0.046210 
0.462778 0.982406 0.462022 
0.057405 0.008983 0.491768 
0.017165 0.017165 0.032344 0.933326 
0.250000 0.250000 0.250000 0.250000 
  55
0.479817 0.008611 0.046210 
0.462778 0.982406 0.462022 
0.057405 0.008983 0.491768 
0.948505 0.017165 0.017165 0.017165 
0.250000 0.250000 0.250000 0.250000 
  56
0.479817 0.008611 0.046210 
0.462778 0.982406 0.462022 
0.057405 0.008983 0.491768 
0.017165 0.017165 0.948505 0.017165 
0.250000 0.250000 0.250000 0.250000 
  57
0.479817 0.008611 0.046210 
0.462778 0.982406 0.462022 
0.057405 0.008983 0.491768 
0.948505 0.017165 0.017165 0.017165 
0.250000 0.250000 0.250000 0.250000 
  58
0.479817 0.008611 0.046210 
0.462778 0.982406 0.462022 
0.057405 0.008983 0.491768 
0.017165 0.017165 0.938100 0.027570 
0.250000 0.250000 0.250000 0.250000 
  59
0.479817 0.008611 0.046210 
0.462778 0.982406 0.462022 
0.057405 0.008983 0.491768 
0.017165 0.017165 0.017165 0.948505 
0.250000 0.250000 0.250000 0.250000 
  60
0.479817 0.008611 0.046210 
0.462778 0.982406 0.462022 
0.057405 0.008983 0.491768 
0.948505 0.017165 0.017165 0.017165 
0.250000 0.250000 0.250000 0.250000 
  61
0.479817 0.008611 0.046210 
0.462778 0.982406 0.462022 
0.057405 0.008983 0.491768 
0.948505 0.017165 0.017165 0.017165 
0.250000 0.250000 0.250000 0.250000 
  62
0.479817 0.008611 0.046210 
0.462778 0.982406 0.462022 
0.057405 0.008983 0.491768 
0.017165 0.017165 0.017165 0.948505 
0.250000 0.250000 0.250000 0.250000 
  63
0.479817 0.008611 0.046210 
0.462778 0.982406 0.462022 
0.057405 0.008983 0.491768 
0.948505 0.017165 0.017165 0.017165 
0.250000 0.250000 0.250000 0.250000 
  64
0.479817 0.008611 0.046210 
0.462778 0.982406 0.462022 
0.057405 0.008983 0.491768 
0.017165 0.017165 0.838174 0.127497 
0.250000 0.250000 0.250000 0.250000 
  65
0.479817 0.008611 0.046210 
0.462778 0.982406 0.462022 
0.057405 0.008983 0.491768 
0.948505 0.017165 0.017165 0.017165 
0.250000 0.250000 0.250000 0.250000 
  66
0.479817 0.008611 0.046210 
0.462778 0.982406 0.462022 
0.057405 0.008983 0.491768 
0.017165 0.017165 0.948505 0.017165 
0.250000 0.250000 0.250000 0.250000 
  67
0.479817 0.008611 0.046210 
0.462778 0.982406 0.462022 
0.057405 0.008983 0.491768 
0.948505 0.017165 0.017165 0.017165 
0.250000 0.250000 0.250000 0.250000 
  68
0.479817 0.008611 0.046210 
0.462778 0.982406 0.462022 
0.057405 0.008983 0.491768 
0.017165 0.017165 0.017165 0.948505 
0.250000 0.250000 0.250000 0.250000 
  69
0.479817 0.008611 0.046210 
0.462778 0.982406 0.462022 
0.057405 0.008983 0.491768 
0.017165 0.948505 0.017165 0.017165 
0.250000 0.250000 0.250000 0.250000 
  70
0.479817 0.008611 0.046210 
0.462778 0.982406 0.462022 
0.057405 0.008983 0.491768 
0.948505 0.017165 0.017165 0.017165 
0.250000 0.250000 0.250000 0.250000 
  71
0.479817 0.008611 0.046210 
0.462778 0.982406 0.462022 
0.057405 0.008983 0.491768 
0.017165 0.017165 0.017165 0.948505 
0.250000 0.250000 0.250000 0.250000 
  72
0.479817 0.008611 0.046210 
0.462778 0.982406 0.462022 
0.057405 0.008983 0.491768 
0.916173 0.017165 0.049497 0.017165 
0.250000 0.250000 0.250000 0.250000 
  73
0.479817 0.008611 0.046210 
0.462778 0.982406 0.462022 
0.057405 0.008983 0.491768 
0.948505 0.017165 0.017165 0.017165 
0.250000 0.250000 0.250000 0.250000 
  74
0.479817 0.008611 0.046210 
0.462778 0.982406 0.462022 
0.057405 0.008983 0.491768 
0.017165 0.017165 0.948505 0.017165 
0.250000 0.250000 0.250000 0.250000 
  75
0.479817 0.008611 0.046210 
0.462778 0.982406 0.462022 
0.057405 0.008983 0.491768 
0.948505 0.017165 0.017165 0.017165 
0.250000 0.250000 0.250000 0.250000 
  76
0.479817 0.008611 0.046210 
0.462778 0.982406 0.462022 
0.057405 0.008983 0.491768 
0.948505 0.017165 0.017165 0.017165 
0.250000 0.250000 0.250000 0.250000 
  77
0.479817 0.008611 0.046210 
0.462778 0.982406 0.462022 
0.057405 0.008983 0.491768 
0.017165 0.017165 0.948505 0.017165 
0.250000 0.250000 0.250000 0.250000 
  78
0.479817 0.008611 0.046210 
0.462778 0.982406 0.462022 
0.057405 0.008983 0.491768 
0.948505 0.017165 0.017165 0.017165 
0.250000 0.250000 0.250000 0.250000 
  79
0.479817 0.008611 0.046210 
0.462778 0.982406 0.462022 
0.057405 0.008983 0.491768 
0.948505 0.017165 0.017165 0.017165 
0.250000 0.250000 0.250000 0.250000 
  80
0.479817 0.008611 0.046210 
0.462778 0.982406 0.462022 
0.057405 0.008983 0.491768 
0.017165 0.017165 0.031899 0.933771 
0.250000 0.250000 0.250000 0.250000 
  81
0.479817 0.008611 0.046210 
0.462778 0.982406 0.462022 
0.057405 0.008983 0.491768 
0.942446 0.023225 0.017165 0.017165 
0.250000 0.250000 0.250000 0.250000 
  82
0.479817 0.008611 0.046210 
0.462778 0.982406 0.462022 
0.057405 0.008983 0.491768 
0.942446 0.023225 0.017165 0.017165 
0.250000 0.250000 0.250000 0.250000 
  83
0.479817 0.008611 0.046210 
0.462778 0.982406 0.462022 
0.057405 0.008983 0.491768 
0.017165 0.017165 0.017165 0.948505 
0.250000 0.250000 0.250000 0.250000 
  84
0.479817 0.008611 0.046210 
0.462778 0.982406 0.462022 
0.057405 0.008983 0.491768 
0.023711 0.017165 0.941959 0.017165 
0.250000 0.250000 0.250000 0.250000 
  85
0.479817 0.008611 0.046210 
0.462778 0.982406 0.462022 
0.057405 0.008983 0.491768 
0.017165 0.017165 0.017165 0.948505 
0.250000 0.250000 0.250000 0.250000 
  86
0.479817 0.008611 0.046210 
0.462778 0.982406 0.462022 
0.057405 0.008983 0.491768 
0.017165 0.017165 0.948505 0.017165 
0.250000 0.250000 0.250000 0.250000 
  87
0.479817 0.008611 0.046210 
0.462778 0.982406 0.462022 
0.057405 0.008983 0.491768 
0.017165 0.017165 0.017165 0.948505 
0.250000 0.250000 0.250000 0.250000 
  88
0.479817 0.008611 0.046210 
0.462778 0.982406 0.462022 
0.057405 0.008983 0.491768 
0.017165 0.017165 0.017165 0.948505 
0.250000 0.250000 0.250000 0.250000 
  89
0.479817 0.008611 0.046210 
0.462778 0.982406 0.462022 
0.057405 0.008983 0.491768 
0.017165 0.017165 0.017165 0.948505 
0.250000 0.250000 0.250000 0.250000 
  90
0.479817 0.008611 0.046210 
0.462778 0.982406 0.462022 
0.057405 0.008983 0.491768 
0.022732 0.942938 0.017165 0.017165 
0.250000 0.250000 0.250000 0.250000 
  91
0.479817 0.008611 0.046210 
0.462778 0.982406 0.462022 
0.057405 0.008983 0.491768 
0.884835 0.017165 0.080835 0.017165 
0.250000 0.250000 0.250000 0.250000 
  92
0.479817 0.008611 0.046210 
0.462778 0.982406 0.462022 
0.057405 0.008983 0.491768 
0.017165 0.017165 0.017165 0.948505 
0.250000 0.250000 0.250000 0.250000 
  93
0.479817 0.008611 0.046210 
0.462778 0.982406 0.462022 
0.057405 0.008983 0.491768 
0.948505 0.017165 0.017165 0.017165 
0.250000 0.250000 0.250000 0.250000 
  94
0.479817 0.008611 0.046210 
0.462778 0.982406 0.462022 
0.057405 0.008983 0.491768 
0.948505 0.017165 0.017165 0.017165 
0.250000 0.250000 0.250000 0.250000 
  95
0.479817 0.008611 0.046210 
0.462778 0.982406 0.462022 
0.057405 0.008983 0.491768 
0.017165 0.017165 0.017165 0.948505 
0.250000 0.250000 0.250000 0.250000 
  96
0.479817 0.008611 0.046210 
0.462778 0.982406 0.462022 
0.057405 0.008983 0.491768 
0.022140 0.017165 0.943531 0.017165 
0.250000 0.250000 0.250000 0.250000 
  97
0.479817 0.008611 0.046210 
0.462778 0.982406 0.462022 
0.057405 0.008983 0.491768 
0.948505 0.017165 0.017165 0.017165 
0.250000 0.250000 0.250000 0.250000 
  98
0.479817 0.008611 0.046210 
0.462778 0.982406 0.462022 
0.057405 0.008983 0.491768 
0.017165 0.017165 0.017165 0.948505 
0.250000 0.250000 0.250000 0.250000 
  99
0.479817 0.008611 0.046210 
0.462778 0.982406 0.462022 
0.057405 0.008983 0.491768 
0.948505 0.017165 0.017165 0.017165 
0.250000 0.250000 0.250000 0.250000 
 100
0.479817 0.008611 0.046210 
0.462778 0.982406 0.462022 
0.057405 0.008983 0.491768 
0.948505 0.017165 0.017165 0.017165 
0.250000 0.250000 0.250000 0.250000 
 101
0.479817 0.008611 0.046210 
0.462778 0.982406 0.462022 
0.057405 0.008983 0.491768 
0.017165 0.017165 0.017165 0.948505 
0.250000 0.250000 0.250000 0.250000 
 102
0.479817 0.008611 0.046210 
0.462778 0.982406 0.462022 
0.057405 0.008983 0.491768 
0.017165 0.017165 0.948505 0.017165 
0.250000 0.250000 0.250000 0.250000 
 103
0.479817 0.008611 0.046210 
0.462778 0.982406 0.462022 
0.057405 0.008983 0.491768 
0.017165 0.017165 0.017165 0.948505 
0.250000 0.250000 0.250000 0.250000 
 104
0.479817 0.008611 0.046210 
0.462778 0.982406 0.462022 
0.057405 0.008983 0.491768 
0.017165 0.017165 0.948505 0.017165 
0.250000 0.250000 0.250000 0.250000 
 105
0.479817 0.008611 0.046210 
0.462778 0.982406 0.462022 
0.057405 0.008983 0.491768 
0.017165 0.017165 0.924620 0.041050 
0.250000 0.250000 0.250000 0.250000 
 106
0.479817 0.008611 0.046210 
0.462778 0.982406 0.462022 
0.057405 0.008983 0.491768 
0.948505 0.017165 0.017165 0.017165 
0.250000 0.250000 0.250000 0.250000 
 107
0.479817 0.008611 0.046210 
0.462778 0.982406 0.462022 
0.057405 0.008983 0.491768 
0.017165 0.017165 0.017165 0.948505 
0.250000 0.250000 0.250000 0.250000 
 108
0.479817 0.008611 0.046210 
0.462778 0.982406 0.462022 
0.057405 0.008983 0.491768 
0.028989 0.017165 0.936681 0.017165 
0.250000 0.250000 0.250000 0.250000 
 109
0.479817 0.008611 0.046210 
0.462778 0.982406 0.462022 
0.057405 0.008983 0.491768 
0.948505 0.017165 0.017165 0.017165 
0.250000 0.250000 0.250000 0.250000 
 110
0.479817 0.008611 0.046210 
0.462778 0.982406 0.462022 
0.057405 0.008983 0.491768 
0.017165 0.017165 0.017165 0.948505 
0.250000 0.250000 0.250000 0.250000 
 111
0.479817 0.008611 0.046210 
0.462778 0.982406 0.462022 
0.057405 0.008983 0.491768 
0.017165 0.948505 0.017165 0.017165 
0.250000 0.250000 0.250000 0.250000 
 112
0.479817 0.008611 0.046210 
0.462778 0.982406 0.462022 
0.057405 0.008983 0.491768 
0.948505 0.017165 0.017165 0.017165 
0.250000 0.250000 0.250000 0.250000 
 113
0.479817 0.008611 0.046210 
0.462778 0.982406 0.462022 
0.057405 0.008983 0.491768 
0.017165 0.017165 0.017165 0.948505 
0.250000 0.250000 0.250000 0.250000 
 114
0.479817 0.008611 0.046210 
0.462778 0.982406 0.462022 
0.057405 0.008983 0.491768 
0.017165 0.017165 0.022085 0.943585 
0.250000 0.250000 0.250000 0.250000 
 115
0.479817 0.008611 0.046210 
0.462778 0.982406 0.462022 
0.057405 0.008983 0.491768 
0.017165 0.948505 0.017165 0.017165 
0.250000 0.250000 0.250000 0.250000 
 116
0.479817 0.008611 0.046210 
0.462778 0.982406 0.462022 
0.057405 0.008983 0.491768 
0.017165 0.017165 0.948505 0.017165 
0.250000 0.250000 0.250000 0.250000 
 117
0.479817 0.008611 0.046210 
0.462778 0.982406 0.462022 
0.057405 0.008983 0.491768 
0.948505 0.017165 0.017165 0.017165 
0.250000 0.250000 0.250000 0.250000 
 118
0.479817 0.008611 0.046210 
0.462778 0.982406 0.462022 
0.057405 0.008983 0.491768 
0.948505 0.017165 0.017165 0.017165 
0.250000 0.250000 0.250000 0.250000 
 119
0.479817 0.008611 0.046210 
0.462778 0.982406 0.462022 
0.057405 0.008983 0.491768 
0.017246 0.017246 0.017246 0.948261 
0.250000 0.250000 0.250000 0.250000 
 120
0.479817 0.008611 0.046210 
0.462778 0.982406 0.462022 
0.057405 0.008983 0.491768 
0.948505 0.017165 0.017165 0.017165 
0.250000 0.250000 0.250000 0.250000 
 121
0.479817 0.008611 0.046210 
0.462778 0.982406 0.462022 
0.057405 0.008983 0.491768 
0.017165 0.017165 0.948505 0.017165 
0.250000 0.250000 0.250000 0.250000 
 122
0.479817 0.008611 0.046210 
0.462778 0.982406 0.462022 
0.057405 0.008983 0.491768 
0.017165 0.017165 0.017165 0.948505 
0.250000 0.250000 0.250000 0.250000 
 123
0.479817 0.008611 0.046210 
0.462778 0.982406 0.462022 
0.057405 0.008983 0.491768 
0.948505 0.017165 0.017165 0.017165 
0.250000 0.250000 0.250000 0.250000 
 124
0.479817 0.008611 0.046210 
0.462778 0.982406 0.462022 
0.057405 0.008983 0.491768 
0.948505 0.017165 0.017165 0.017165 
0.250000 0.250000 0.250000 0.250000 
 125
0.479817 0.008611 0.046210 
0.462778 0.982406 0.462022 
0.057405 0.008983 0.491768 
0.948505 0.017165 0.017165 0.017165 
0.250000 0.250000 0.250000 0.250000 
 126
0.479817 0.008611 0.046210 
0.462778 0.982406 0.462022 
0.057405 0.008983 0.491768 
0.017165 0.017165 0.948505 0.017165 
0.250000 0.250000 0.250000 0.250000 
 127
0.479817 0.008611 0.046210 
0.462778 0.982406 0.462022 
0.057405 0.008983 0.491768 
0.948505 0.017165 0.017165 0.017165 
0.250000 0.250000 0.250000 0.250000 
 128
0.479817 0.008611 0.046210 
0.462778 0.982406 0.462022 
0.057405 0.008983 0.491768 
0.948505 0.017165 0.017165 0.017165 
0.250000 0.250000 0.250000 0.250000 
 129
0.479817 0.008611 0.046210 
0.462778 0.982406 0.462022 
0.057405 0.008983 0.491768 
0.948505 0.017165 0.017165 0.017165 
0.250000 0.250000 0.250000 0.250000 
 130
0.479817 0.008611 0.046210 
0.462778 0.982406 0.462022 
0.057405 0.008983 0.491768 
0.017165 0.017165 0.948505 0.017165 
0.250000 0.250000 0.250000 0.250000 
 131
0.479817 0.008611 0.046210 
0.462778 0.982406 0.462022 
0.057405 0.008983 0.491768 
0.017165 0.017165 0.017165 0.948505 
0.250000 0.250000 0.250000 0.250000 
 132
0.479817 0.008611 0.046210 
0.462778 0.982406 0.462022 
0.057405 0.008983 0.491768 
0.017165 0.017165 0.911361 0.054309 
0.250000 0.250000 0.250000 0.250000 
 133
0.479817 0.008611 0.046210 
0.462778 0.982406 0.462022 
0.057405 0.008983 0.491768 
0.017165 0.017165 0.017165 0.948505 
0.250000 0.250000 0.250000 0.250000 
 134
0.479817 0.008611 0.046210 
0.462778 0.982406 0.462022 
0.057405 0.008983 0.491768 
0.017165 0.948505 0.017165 0.017165 
0.250000 0.250000 0.250000 0.250000 
 135
0.479817 0.008611 0.046210 
0.462778 0.982406 0.462022 
0.057405 0.008983 0.491768 
0.017165 0.017165 0.861211 0.104459 
0.250000 0.250000 0.250000 0.250000 
 136
0.479817 0.008611 0.046210 
0.462778 0.982406 0.462022 
0.057405 0.008983 0.491768 
0.017165 0.948505 0.017165 0.017165 
0.250000 0.250000 0.250000 0.250000 
 137
0.479817 0.008611 0.046210 
0.462778 0.982406 0.462022 
0.057405 0.008983 0.491768 
0.943531 0.017165 0.022140 0.017165 
0.250000 0.250000 0.250000 0.250000 
 138
0.479817 0.008611 0.046210 
0.462778 0.982406 0.462022 
0.057405 0.008983 0.491768 
0.942051 0.017165 0.017165 0.023620 
0.250000 0.250000 0.250000 0.250000 
 139
0.479817 0.008611 0.046210 
0.462778 0.982406 0.462022 
0.057405 0.008983 0.491768 
0.017165 0.017165 0.017165 0.948505 
0.250000 0.250000 0.250000 0.250000 
 140
0.479817 0.008611 0.046210 
0.462778 0.982406 0.462022 
0.057405 0.008983 0.491768 
0.948505 0.017165 0.017165 0.017165 
0.250000 0.250000 0.250000 0.250000 
 141
0.479817 0.008611 0.046210 
0.462778 0.982406 0.462022 
0.057405 0.008983 0.491768 
0.017246 0.017246 0.017246 0.948261 
0.250000 0.250000 0.250000 0.250000 
 142
0.479817 0.008611 0.046210 
0.462778 0.982406 0.462022 
0.057405 0.008983 0.491768 
0.948505 0.017165 0.017165 0.017165 
0.250000 0.250000 0.250000 0.250000 
 143
0.479817 0.008611 0.046210 
0.462778 0.982406 0.462022 
0.057405 0.008983 0.491768 
0.948505 0.017165 0.017165 0.017165 
0.250000 0.250000 0.250000 0.250000 
 144
0.479817 0.008611 0.046210 
0.462778 0.982406 0.462022 
0.057405 0.008983 0.491768 
0.017165 0.017165 0.239050 0.726620 
0.250000 0.250000 0.250000 0.250000 
 145
0.479817 0.008611 0.046210 
0.462778 0.982406 0.462022 
0.057405 0.008983 0.491768 
0.056683 0.908988 0.017165 0.017165 
0.250000 0.250000 0.250000 0.250000 
 146
0.479817 0.008611 0.046210 
0.462778 0.982406 0.462022 
0.057405 0.008983 0.491768 
0.017165 0.017165 0.031364 0.934306 
0.250000 0.250000 0.250000 0.250000 
 147
0.479817 0.008611 0.046210 
0.462778 0.982406 0.462022 
0.057405 0.008983 0.491768 
0.948505 0.017165 0.017165 0.017165 
0.250000 0.250000 0.250000 0.250000 
 148
0.479817 0.008611 0.046210 
0.462778 0.982406 0.462022 
0.057405 0.008983 0.491768 
0.017165 0.017165 0.017165 0.948505 
0.250000 0.250000 0.250000 0.250000 
 149
0.479817 0.008611 0.046210 
0.462778 0.982406 0.462022 
0.057405 0.008983 0.491768 
0.017165 0.017165 0.017165 0.948505 
0.250000 0.250000 0.250000 0.250000 
 150
0.479817 0.008611 0.046210 
0.462778 0.982406 0.462022 
0.057405 0.008983 0.491768 
0.017165 0.017165 0.912426 0.053245 
0.250000 0.250000 0.250000 0.250000 
 151
0.479817 0.008611 0.046210 
0.462778 0.982406 0.462022 
0.057405 0.008983 0.491768 
0.017165 0.017165 0.948505 0.017165 
0.250000 0.250000 0.250000 0.250000 
 152
0.479817 0.008611 0.046210 
0.462778 0.982406 0.462022 
0.057405 0.008983 0.491768 
0.948505 0.017165 0.017165 0.017165 
0.250000 0.250000 0.250000 0.250000 
 153
0.479817 0.008611 0.046210 
0.462778 0.982406 0.462022 
0.057405 0.008983 0.491768 
0.017165 0.017165 0.017165 0.948505 
0.250000 0.250000 0.250000 0.250000 
 154
0.479817 0.008611 0.046210 
0.462778 0.982406 0.462022 
0.057405 0.008983 0.491768 
0.943812 0.021858 0.017165 0.017165 
0.250000 0.250000 0.250000 0.250000 
 155
0.479817 0.008611 0.046210 
0.462778 0.982406 0.462022 
0.057405 0.008983 0.491768 
0.948505 0.017165 0.017165 0.017165 
0.250000 0.250000 0.250000 0.250000 
 156
0.479817 0.008611 0.046210 
0.462778 0.982406 0.462022 
0.057405 0.008983 0.491768 
0.017165 0.017165 0.943228 0.022443 
0.250000 0.250000 0.250000 0.250000 
 157
0.479817 0.008611 0.046210 
0.462778 0.982406 0.462022 
0.057405 0.008983 0.491768 
0.948505 0.017165 0.017165 0.017165 
0.250000 0.250000 0.250000 0.250000 
 158
0.479817 0.008611 0.046210 
0.462778 0.982406 0.462022 
0.057405 0.008983 0.491768 
0.948505 0.017165 0.017165 0.017165 
0.250000 0.250000 0.250000 0.250000 
 159
0.479817 0.008611 0.046210 
0.462778 0.982406 0.462022 
0.057405 0.008983 0.491768 
0.948505 0.017165 0.017165 0.017165 
0.250000 0.250000 0.250000 0.250000 
 160
0.479817 0.008611 0.046210 
0.462778 0.982406 0.462022 
0.057405 0.008983 0.491768 
0.948505 0.017165 0.017165 0.017165 
0.250000 0.250000 0.250000 0.250000 
 161
0.479817 0.008611 0.046210 
0.462778 0.982406 0.462022 
0.057405 0.008983 0.491768 
0.017165 0.017165 0.948505 0.017165 
0.250000 0.250000 0.250000 0.250000 
 162
0.479817 0.008611 0.046210 
0.462778 0.982406 0.462022 
0.057405 0.008983 0.491768 
0.017165 0.017165 0.948505 0.017165 
0.250000 0.250000 0.250000 0.250000 
 163
0.479817 0.008611 0.046210 
0.462778 0.982406 0.462022 
0.057405 0.008983 0.491768 
0.017246 0.017246 0.022505 0.943003 
0.250000 0.250000 0.250000 0.250000 
 164
0.479817 0.008611 0.046210 
0.462778 0.982406 0.462022 
0.057405 0.008983 0.491768 
0.017165 0.017165 0.017165 0.948505 
0.250000 0.250000 0.250000 0.250000 
 165
0.479817 0.008611 0.046210 
0.462778 0.982406 0.462022 
0.057405 0.008983 0.491768 
0.032344 0.017165 0.017165 0.933326 
0.250000 0.250000 0.250000 0.250000 
 166
0.479817 0.008611 0.046210 
0.462778 0.982406 0.462022 
0.057405 0.008983 0.491768 
0.017165 0.943323 0.017165 0.022347 
0.250000 0.250000 0.250000 0.250000 
 167
0.479817 0.008611 0.046210 
0.462778 0.982406 0.462022 
0.057405 0.008983 0.491768 
0.948505 0.017165 0.017165 0.017165 
0.250000 0.250000 0.250000 0.250000 
 168
0.479817 0.008611 0.046210 
0.462778 0.982406 0.462022 
0.057405 0.008983 0.491768 
0.017165 0.948505 0.017165 0.017165 
0.250000 0.250000 0.250000 0.250000 
 169
0.479817 0.008611 0.046210 
0.462778 0.982406 0.462022 
0.057405 0.008983 0.491768 
0.017165 0.017165 0.916173 0.049497 
0.250000 0.250000 0.250000 0.250000 
 170
0.479817 0.008611 0.046210 
0.462778 0.982406 0.462022 
0.057405 0.008983 0.491768 
0.017165 0.017165 0.017165 0.948505 
0.250000 0.250000 0.250000 0.250000 
 171
0.479817 0.008611 0.046210 
0.462778 0.982406 0.462022 
0.057405 0.008983 0.491768 
0.948505 0.017165 0.017165 0.017165 
0.250000 0.250000 0.250000 0.250000 
 172
0.479817 0.008611 0.046210 
0.462778 0.982406 0.462022 
0.057405 0.008983 0.491768 
0.017165 0.017165 0.948505 0.017165 
0.250000 0.250000 0.250000 0.250000 
 173
0.479817 0.008611 0.046210 
0.462778 0.982406 0.462022 
0.057405 0.008983 0.491768 
0.017165 0.017165 0.948505 0.017165 
0.250000 0.250000 0.250000 0.250000 
 174
0.479817 0.008611 0.046210 
0.462778 0.982406 0.462022 
0.057405 0.008983 0.491768 
0.948505 0.017165 0.017165 0.017165 
0.250000 0.250000 0.250000 0.250000 
 175
0.479817 0.008611 0.046210 
0.462778 0.982406 0.462022 
0.057405 0.008983 0.491768 
0.948505 0.017165 0.017165 0.017165 
0.250000 0.250000 0.250000 0.250000 
 176
0.479817 0.008611 0.046210 
0.462778 0.982406 0.462022 
0.057405 0.008983 0.491768 
0.017165 0.948505 0.017165 0.017165 
0.250000 0.250000 0.250000 0.250000 
 177
0.479817 0.008611 0.046210 
0.462778 0.982406 0.462022 
0.057405 0.008983 0.491768 
0.948505 0.017165 0.017165 0.017165 
0.250000 0.250000 0.250000 0.250000 
 178
0.479817 0.008611 0.046210 
0.462778 0.982406 0.462022 
0.057405 0.008983 0.491768 
0.029225 0.936445 0.017165 0.017165 
0.250000 0.250000 0.250000 0.250000 
 179
0.479817 0.008611 0.046210 
0.462778 0.982406 0.462022 
0.057405 0.008983 0.491768 
0.017165 0.017165 0.948505 0.017165 
0.250000 0.250000 0.250000 0.250000 
 180
0.479817 0.008611 0.046210 
0.462778 0.982406 0.462022 
0.057405 0.008983 0.491768 
0.017165 0.017165 0.030130 0.935540 
0.250000 0.250000 0.250000 0.250000 
 181
0.479817 0.008611 0.046210 
0.462778 0.982406 0.462022 
0.057405 0.008983 0.491768 
0.017165 0.017165 0.948505 0.017165 
0.250000 0.250000 0.250000 0.250000 
 182
0.479817 0.008611 0.046210 
0.462778 0.982406 0.462022 
0.057405 0.008983 0.491768 
0.184655 0.781015 0.017165 0.017165 
0.250000 0.250000 0.250000 0.250000 
 183
0.479817 0.008611 0.046210 
0.462778 0.982406 0.462022 
0.057405 0.008983 0.491768 
0.948505 0.017165 0.017165 0.017165 
0.250000 0.250000 0.250000 0.250000 
 184
0.479817 0.008611 0.046210 
0.462778 0.982406 0.462022 
0.057405 0.008983 0.491768 
0.017165 0.948505 0.017165 0.017165 
0.250000 0.250000 0.250000 0.250000 
 185
0.479817 0.008611 0.046210 
0.462778 0.982406 0.462022 
0.057405 0.008983 0.491768 
0.017165 0.017165 0.017165 0.948505 
0.250000 0.250000 0.250000 0.250000 
 186
0.479817 0.008611 0.046210 
0.462778 0.982406 0.462022 
0.057405 0.008983 0.491768 
0.017165 0.017165 0.930015 0.035655 
0.250000 0.250000 0.250000 0.250000 
 187
0.479817 0.008611 0.046210 
0.462778 0.982406 0.462022 
0.057405 0.008983 0.491768 
0.948505 0.017165 0.017165 0.017165 
0.250000 0.250000 0.250000 0.250000 
 188
0.479817 0.008611 0.046210 
0.462778 0.982406 0.462022 
0.057405 0.008983 0.491768 
0.948505 0.017165 0.017165 0.017165 
0.250000 0.250000 0.250000 0.250000 
 189
0.479817 0.008611 0.046210 
0.462778 0.982406 0.462022 
0.057405 0.008983 0.491768 
0.017165 0.017165 0.127987 0.837683 
0.250000 0.250000 0.250000 0.250000 
 190
0.479817 0.008611 0.046210 
0.462778 0.982406 0.462022 
0.057405 0.008983 0.491768 
0.948505 0.017165 0.017165 0.017165 
0.250000 0.250000 0.250000 0.250000 
 191
0.479817 0.008611 0.046210 
0.462778 0.982406 0.462022 
0.057405 0.008983 0.491768 
0.017165 0.017165 0.948505 0.017165 
0.250000 0.250000 0.250000 0.250000 
 192
0.479817 0.008611 0.046210 
0.462778 0.982406 0.462022 
0.057405 0.008983 0.491768 
0.948505 0.017165 0.017165 0.017165 
0.250000 0.250000 0.250000 0.250000 
 193
0.479817 0.008611 0.046210 
0.462778 0.982406 0.462022 
0.057405 0.008983 0.491768 
0.017165 0.017165 0.017165 0.948505 
0.250000 0.250000 0.250000 0.250000 
 194
0.479817 0.008611 0.046210 
0.462778 0.982406 0.462022 
0.057405 0.008983 0.491768 
0.948505 0.017165 0.017165 0.017165 
0.250000 0.250000 0.250000 0.250000 
 195
0.479817 0.008611 0.046210 
0.462778 0.982406 0.462022 
0.057405 0.008983 0.491768 
0.017165 0.948505 0.017165 0.017165 
0.250000 0.250000 0.250000 0.250000 
 196
0.479817 0.008611 0.046210 
0.462778 0.982406 0.462022 
0.057405 0.008983 0.491768 
0.017165 0.017165 0.906616 0.059055 
0.250000 0.250000 0.250000 0.250000 
 197
0.479817 0.008611 0.046210 
0.462778 0.982406 0.462022 
0.057405 0.008983 0.491768 
0.948505 0.017165 0.017165 0.017165 
0.250000 0.250000 0.250000 0.250000 
 198
0.479817 0.008611 0.046210 
0.462778 0.982406 0.462022 
0.057405 0.008983 0.491768 
0.037135 0.017165 0.022487 0.923214 
0.250000 0.250000 0.250000 0.250000 
 199
0.479817 0.008611 0.046210 
0.462778 0.982406 0.462022 
0.057405 0.008983 0.491768 
0.022281 0.017165 0.059055 0.901500 
0.250000 0.250000 0.250000 0.250000 
 200
0.479817 0.008611 0.046210 
0.462778 0.982406 0.462022 
0.057405 0.008983 0.491768 
0.017165 0.017165 0.948505 0.017165 
0.250000 0.250000 0.250000 0.250000 
 201
0.479817 0.008611 0.046210 
0.462778 0.982406 0.462022 
0.057405 0.008983 0.491768 
0.948505 0.017165 0.017165 0.017165 
0.250000 0.250000 0.250000 0.250000 
 202
0.479817 0.008611 0.046210 
0.462778 0.982406 0.462022 
0.057405 0.008983 0.491768 
0.017165 0.017165 0.916173 0.049497 
0.250000 0.250000 0.250000 0.250000 
 203
0.479817 0.008611 0.046210 
0.462778 0.982406 0.462022 
0.057405 0.008983 0.491768 
0.017165 0.017165 0.948505 0.017165 
0.250000 0.250000 0.250000 0.250000 
 204
0.479817 0.008611 0.046210 
0.462778 0.982406 0.462022 
0.057405 0.008983 0.491768 
0.948505 0.017165 0.017165 0.017165 
0.250000 0.250000 0.250000 0.250000 
 205
0.479817 0.008611 0.046210 
0.462778 0.982406 0.462022 
0.057405 0.008983 0.491768 
0.941382 0.024289 0.017165 0.017165 
0.250000 0.250000 0.250000 0.250000 
 206
0.479817 0.008611 0.046210 
0.462778 0.982406 0.462022 
0.057405 0.008983 0.491768 
0.017165 0.017165 0.017165 0.948505 
0.250000 0.250000 0.250000 0.250000 
 207
0.479817 0.008611 0.046210 
0.462778 0.982406 0.462022 
0.057405 0.008983 0.491768 
0.017165 0.017165 0.948505 0.017165 
0.250000 0.250000 0.250000 0.250000 
 208
0.479817 0.008611 0.046210 
0.462778 0.982406 0.462022 
0.057405 0.008983 0.491768 
0.017165 0.017165 0.091387 0.874283 
0.250000 0.250000 0.250000 0.250000 
 209
0.479817 0.008611 0.046210 
0.462778 0.982406 0.462022 
0.057405 0.008983 0.491768 
0.049497 0.916173 0.017165 0.017165 
0.250000 0.250000 0.250000 0.250000 
 210
0.479817 0.008611 0.046210 
0.462778 0.982406 0.462022 
0.057405 0.008983 0.491768 
0.948505 0.017165 0.017165 0.017165 
0.250000 0.250000 0.250000 0.250000 
 211
0.479817 0.008611 0.046210 
0.462778 0.982406 0.462022 
0.057405 0.008983 0.491768 
0.017165 0.017165 0.096543 0.869128 
0.250000 0.250000 0.250000 0.250000 
 212
0.479817 0.008611 0.046210 
0.462778 0.982406 0.462022 
0.057405 0.008983 0.491768 
0.935080 0.030591 0.017165 0.017165 
0.250000 0.250000 0.250000 0.250000 
 213
0.479817 0.008611 0.046210 
0.462778 0.982406 0.462022 
0.057405 0.008983 0.491768 
0.017165 0.948505 0.017165 0.017165 
0.250000 0.250000 0.250000 0.250000 
 214
0.479817 0.008611 0.046210 
0.462778 0.982406 0.462022 
0.057405 0.008983 0.491768 
0.017165 0.017165 0.948505 0.017165 
0.250000 0.250000 0.250000 0.250000 
 215
0.479817 0.008611 0.046210 
0.462778 0.982406 0.462022 
0.057405 0.008983 0.491768 
0.017165 0.017165 0.049497 0.916173 
0.250000 0.250000 0.250000 0.250000 
 216
0.479817 0.008611 0.046210 
0.462778 0.982406 0.462022 
0.057405 0.008983 0.491768 
0.017165 0.017165 0.948505 0.017165 
0.250000 0.250000 0.250000 0.250000 
 217
0.479817 0.008611 0.046210 
0.462778 0.982406 0.462022 
0.057405 0.008983 0.491768 
0.948505 0.017165 0.017165 0.017165 
0.250000 0.250000 0.250000 0.250000 
 218
0.479817 0.008611 0.046210 
0.462778 0.982406 0.462022 
0.057405 0.008983 0.491768 
0.948505 0.017165 0.017165 0.017165 
0.250000 0.250000 0.250000 0.250000 
 219
0.479817 0.008611 0.046210 
0.462778 0.982406 0.462022 
0.057405 0.008983 0.491768 
0.948505 0.017165 0.017165 0.017165 
0.250000 0.250000 0.250000 0.250000 
 220
0.479817 0.008611 0.046210 
0.462778 0.982406 0.462022 
0.057405 0.008983 0.491768 
0.827202 0.043636 0.111998 0.017165 
0.250000 0.250000 0.250000 0.250000 
 221
0.479817 0.008611 0.046210 
0.462778 0.982406 0.462022 
0.057405 0.008983 0.491768 
0.017165 0.017165 0.938529 0.027142 
0.250000 0.250000 0.250000 0.250000 
 222
0.479817 0.008611 0.046210 
0.462778 0.982406 0.462022 
0.057405 0.008983 0.491768 
0.948505 0.017165 0.017165 0.017165 
0.250000 0.250000 0.250000 0.250000 
 223
0.479817 0.008611 0.046210 
0.462778 0.982406 0.462022 
0.057405 0.008983 0.491768 
0.017165 0.948505 0.017165 0.017165 
0.250000 0.250000 0.250000 0.250000 
 224
0.479817 0.008611 0.046210 
0.462778 0.982406 0.462022 
0.057405 0.008983 0.491768 
0.017165 0.017165 0.084451 0.881220 
0.250000 0.250000 0.250000 0.250000 
 225
0.479817 0.008611 0.046210 
0.462778 0.982406 0.462022 
0.057405 0.008983 0.491768 
0.943065 0.017165 0.017165 0.022605 
0.250000 0.250000 0.250000 0.250000 
 226
0.479817 0.008611 0.046210 
0.462778 0.982406 0.462022 
0.057405 0.008983 0.491768 
0.948505 0.017165 0.017165 0.017165 
0.250000 0.250000 0.250000 0.250000 
 227
0.479817 0.008611 0.046210 
0.462778 0.982406 0.462022 
0.057405 0.008983 0.491768 
0.062390 0.017165 0.892171 0.028275 
0.250000 0.250000 0.250000 0.250000 
 228
0.479817 0.008611 0.046210 
0.462778 0.982406 0.462022 
0.057405 0.008983 0.491768 
0.017165 0.017165 0.843988 0.121682 
0.250000 0.250000 0.250000 0.250000 
 229
0.479817 0.008611 0.046210 
0.462778 0.982406 0.462022 
0.057405 0.008983 0.491768 
0.110307 0.017165 0.084451 0.788078 
0.250000 0.250000 0.250000 0.250000 
 230
0.479817 0.008611 0.046210 
0.462778 0.982406 0.462022 
0.057405 0.008983 0.491768 
0.017165 0.017165 0.017165 0.948505 
0.250000 0.250000 0.250000 0.250000 
 231
0.479817 0.008611 0.046210 
0.462778 0.982406 0.462022 
0.057405 0.008983 0.491768 
0.017165 0.948505 0.017165 0.017165 
0.250000 0.250000 0.250000 0.250000 
 232
0.479817 0.008611 0.046210 
0.462778 0.982406 0.462022 
0.057405 0.008983 0.491768 
0.017165 0.017165 0.860673 0.104998 
0.250000 0.250000 0.250000 0.250000 
 233
0.479817 0.008611 0.046210 
0.462778 0.982406 0.462022 
0.057405 0.008983 0.491768 
0.948505 0.017165 0.017165 0.017165 
0.250000 0.250000 0.250000 0.250000 
 234
0.479817 0.008611 0.046210 
0.462778 0.982406 0.462022 
0.057405 0.008983 0.491768 
0.017165 0.017165 0.017165 0.948505 
0.250000 0.250000 0.250000 0.250000 
 235
0.479817 0.008611 0.046210 
0.462778 0.982406 0.462022 
0.057405 0.008983 0.491768 
0.017165 0.017165 0.035367 0.930303 
0.250000 0.250000 0.250000 0.250000 
 236
0.479817 0.008611 0.046210 
