%  SAM: /Users/jianichen/flu-amd/LABEL_RES/scripts/modelfromalign_Darwin v3.5 (July 15, 2005) compiled 03/03/09_11:47:37
%  (c) 1992-2001 Regents of the University of California, Santa Cruz
%
%          Sequence Alignment and Modeling Software System
%         http://www.cse.ucsc.edu/research/compbio/sam.html
%
% ----------------- Citations (SAM, SAM-T2K, HMMs) --------------------
% R. Hughey, A. Krogh, Hidden Markov models for sequence analysis:
%  Extension and analysis of the basic method, CABIOS 12:95-107, 1996.
% K. Karplus, et al., What is the value added by human intervention in protein
%  structure prediction, Proteins: Stucture, Function, Genetics 45(S5):86--91, 2001.
% A. Krogh et al., Hidden Markov models in computational biology:
%  Applications to protein modeling, JMB 235:1501-1531, Feb 1994.
% ---------------------------------------------------------------------
%  GA5-SHGF_hmm   Host: jb14855s-iMac.local    Fri Jan 24 11:05:49 2020
%  jianichen      Dir:  /Users/jianichen/flu-amd/LABEL_RES/scripts
% ---------------------------------------------------------------------
%  Alignment weights from internal calc.  Total (15.94) Max (0.15) Min (0.06)
%  Weights from alignment method 1 (karplus), b=-1.000000, e=0.500000
MODEL --  Model from alignment file GA5-SHGF.fasta
alphabet DNA
FREQAVE
0.000000 0.000000 0.000000 
0.000000 0.000000 0.000000 
0.000000 0.000000 0.000000 
0.391186 0.146364 0.221236 0.241213 
0.391186 0.146364 0.221236 0.241213 
Begin
0.000000 0.000000 0.000000 
0.000000 0.000000 0.000000 
0.000000 0.008317 0.491768 
0.250000 0.250000 0.250000 0.250000 
0.250000 0.250000 0.250000 0.250000 
   1
0.000000 0.007972 0.046210 
0.000000 0.983711 0.462022 
0.057405 0.008317 0.491768 
0.955719 0.014760 0.014760 0.014760 
0.250000 0.250000 0.250000 0.250000 
   2
0.479817 0.007972 0.046210 
0.462778 0.983711 0.462022 
0.057405 0.008317 0.491768 
0.014760 0.014760 0.014760 0.955719 
0.250000 0.250000 0.250000 0.250000 
   3
0.479817 0.007972 0.046210 
0.462778 0.983711 0.462022 
0.057405 0.008317 0.491768 
0.014760 0.955719 0.014760 0.014760 
0.250000 0.250000 0.250000 0.250000 
   4
0.479817 0.007972 0.046210 
0.462778 0.983711 0.462022 
0.057405 0.008317 0.491768 
0.014760 0.955719 0.014760 0.014760 
0.250000 0.250000 0.250000 0.250000 
   5
0.479817 0.007972 0.046210 
0.462778 0.983711 0.462022 
0.057405 0.008317 0.491768 
0.955719 0.014760 0.014760 0.014760 
0.250000 0.250000 0.250000 0.250000 
   6
0.479817 0.007972 0.046210 
0.462778 0.983711 0.462022 
0.057405 0.008317 0.491768 
0.955719 0.014760 0.014760 0.014760 
0.250000 0.250000 0.250000 0.250000 
   7
0.479817 0.007972 0.046210 
0.462778 0.983711 0.462022 
0.057405 0.008317 0.491768 
0.955719 0.014760 0.014760 0.014760 
0.250000 0.250000 0.250000 0.250000 
   8
0.479817 0.007972 0.046210 
0.462778 0.983711 0.462022 
0.057405 0.008317 0.491768 
0.955719 0.014760 0.014760 0.014760 
0.250000 0.250000 0.250000 0.250000 
   9
0.479817 0.007972 0.046210 
0.462778 0.983711 0.462022 
0.057405 0.008317 0.491768 
0.014760 0.014760 0.014760 0.955719 
0.250000 0.250000 0.250000 0.250000 
  10
0.479817 0.007972 0.046210 
0.462778 0.983711 0.462022 
0.057405 0.008317 0.491768 
0.955719 0.014760 0.014760 0.014760 
0.250000 0.250000 0.250000 0.250000 
  11
0.479817 0.007972 0.046210 
0.462778 0.983711 0.462022 
0.057405 0.008317 0.491768 
0.014760 0.014760 0.955719 0.014760 
0.250000 0.250000 0.250000 0.250000 
  12
0.479817 0.007972 0.046210 
0.462778 0.983711 0.462022 
0.057405 0.008317 0.491768 
0.955719 0.014760 0.014760 0.014760 
0.250000 0.250000 0.250000 0.250000 
  13
0.479817 0.007972 0.046210 
0.462778 0.983711 0.462022 
0.057405 0.008317 0.491768 
0.014760 0.014760 0.014760 0.955719 
0.250000 0.250000 0.250000 0.250000 
  14
0.479817 0.007972 0.046210 
0.462778 0.983711 0.462022 
0.057405 0.008317 0.491768 
0.014760 0.014760 0.955719 0.014760 
0.250000 0.250000 0.250000 0.250000 
  15
0.479817 0.007972 0.046210 
0.462778 0.983711 0.462022 
0.057405 0.008317 0.491768 
0.014760 0.014760 0.955719 0.014760 
0.250000 0.250000 0.250000 0.250000 
  16
0.479817 0.007972 0.046210 
0.462778 0.983711 0.462022 
0.057405 0.008317 0.491768 
0.949996 0.020484 0.014760 0.014760 
0.250000 0.250000 0.250000 0.250000 
  17
0.479817 0.007972 0.046210 
0.462778 0.983711 0.462022 
0.057405 0.008317 0.491768 
0.014760 0.014760 0.014760 0.955719 
0.250000 0.250000 0.250000 0.250000 
  18
0.479817 0.007972 0.046210 
0.462778 0.983711 0.462022 
0.057405 0.008317 0.491768 
0.955719 0.014760 0.014760 0.014760 
0.250000 0.250000 0.250000 0.250000 
  19
0.479817 0.007972 0.046210 
0.462778 0.983711 0.462022 
0.057405 0.008317 0.491768 
0.955719 0.014760 0.014760 0.014760 
0.250000 0.250000 0.250000 0.250000 
  20
0.479817 0.007972 0.046210 
0.462778 0.983711 0.462022 
0.057405 0.008317 0.491768 
0.014760 0.014760 0.955719 0.014760 
0.250000 0.250000 0.250000 0.250000 
  21
0.479817 0.007972 0.046210 
0.462778 0.983711 0.462022 
0.057405 0.008317 0.491768 
0.955719 0.014760 0.014760 0.014760 
0.250000 0.250000 0.250000 0.250000 
  22
0.479817 0.007972 0.046210 
0.462778 0.983711 0.462022 
0.057405 0.008317 0.491768 
0.955719 0.014760 0.014760 0.014760 
0.250000 0.250000 0.250000 0.250000 
  23
0.479817 0.007972 0.046210 
0.462778 0.983711 0.462022 
0.057405 0.008317 0.491768 
0.014760 0.014760 0.014760 0.955719 
0.250000 0.250000 0.250000 0.250000 
  24
0.479817 0.007972 0.046210 
0.462778 0.983711 0.462022 
0.057405 0.008317 0.491768 
0.955719 0.014760 0.014760 0.014760 
0.250000 0.250000 0.250000 0.250000 
  25
0.479817 0.007972 0.046210 
0.462778 0.983711 0.462022 
0.057405 0.008317 0.491768 
0.014760 0.955719 0.014760 0.014760 
0.250000 0.250000 0.250000 0.250000 
  26
0.479817 0.007972 0.046210 
0.462778 0.983711 0.462022 
0.057405 0.008317 0.491768 
0.955719 0.014760 0.014760 0.014760 
0.250000 0.250000 0.250000 0.250000 
  27
0.479817 0.007972 0.046210 
0.462778 0.983711 0.462022 
0.057405 0.008317 0.491768 
0.955719 0.014760 0.014760 0.014760 
0.250000 0.250000 0.250000 0.250000 
  28
0.479817 0.007972 0.046210 
0.462778 0.983711 0.462022 
0.057405 0.008317 0.491768 
0.014760 0.014760 0.014760 0.955719 
0.250000 0.250000 0.250000 0.250000 
  29
0.479817 0.007972 0.046210 
0.462778 0.983711 0.462022 
0.057405 0.008317 0.491768 
0.014760 0.014760 0.014760 0.955719 
0.250000 0.250000 0.250000 0.250000 
  30
0.479817 0.007972 0.046210 
0.462778 0.983711 0.462022 
0.057405 0.008317 0.491768 
0.014760 0.014760 0.955719 0.014760 
0.250000 0.250000 0.250000 0.250000 
  31
0.479817 0.007972 0.046210 
0.462778 0.983711 0.462022 
0.057405 0.008317 0.491768 
0.014760 0.014760 0.014760 0.955719 
0.250000 0.250000 0.250000 0.250000 
  32
0.479817 0.007972 0.046210 
0.462778 0.983711 0.462022 
0.057405 0.008317 0.491768 
0.014760 0.014760 0.955719 0.014760 
0.250000 0.250000 0.250000 0.250000 
  33
0.479817 0.007972 0.046210 
0.462778 0.983711 0.462022 
0.057405 0.008317 0.491768 
0.955719 0.014760 0.014760 0.014760 
0.250000 0.250000 0.250000 0.250000 
  34
0.479817 0.007972 0.046210 
0.462778 0.983711 0.462022 
0.057405 0.008317 0.491768 
0.955719 0.014760 0.014760 0.014760 
0.250000 0.250000 0.250000 0.250000 
  35
0.479817 0.007972 0.046210 
0.462778 0.983711 0.462022 
0.057405 0.008317 0.491768 
0.014760 0.955719 0.014760 0.014760 
0.250000 0.250000 0.250000 0.250000 
  36
0.479817 0.007972 0.046210 
0.462778 0.983711 0.462022 
0.057405 0.008317 0.491768 
0.014760 0.014760 0.955719 0.014760 
0.250000 0.250000 0.250000 0.250000 
  37
0.479817 0.007972 0.046210 
0.462778 0.983711 0.462022 
0.057405 0.008317 0.491768 
0.955719 0.014760 0.014760 0.014760 
0.250000 0.250000 0.250000 0.250000 
  38
0.479817 0.007972 0.046210 
0.462778 0.983711 0.462022 
0.057405 0.008317 0.491768 
0.955719 0.014760 0.014760 0.014760 
0.250000 0.250000 0.250000 0.250000 
  39
0.479817 0.007972 0.046210 
0.462778 0.983711 0.462022 
0.057405 0.008317 0.491768 
0.955719 0.014760 0.014760 0.014760 
0.250000 0.250000 0.250000 0.250000 
  40
0.479817 0.007972 0.046210 
0.462778 0.983711 0.462022 
0.057405 0.008317 0.491768 
0.014760 0.014760 0.014760 0.955719 
0.250000 0.250000 0.250000 0.250000 
  41
0.479817 0.007972 0.046210 
0.462778 0.983711 0.462022 
0.057405 0.008317 0.491768 
0.014760 0.014760 0.014760 0.955719 
0.250000 0.250000 0.250000 0.250000 
  42
0.479817 0.007972 0.046210 
0.462778 0.983711 0.462022 
0.057405 0.008317 0.491768 
0.014760 0.014760 0.951216 0.019263 
0.250000 0.250000 0.250000 0.250000 
  43
0.479817 0.007972 0.046210 
0.462778 0.983711 0.462022 
0.057405 0.008317 0.491768 
0.014760 0.014760 0.014760 0.955719 
0.250000 0.250000 0.250000 0.250000 
  44
0.479817 0.007972 0.046210 
0.462778 0.983711 0.462022 
0.057405 0.008317 0.491768 
0.014760 0.955719 0.014760 0.014760 
0.250000 0.250000 0.250000 0.250000 
  45
0.479817 0.007972 0.046210 
0.462778 0.983711 0.462022 
0.057405 0.008317 0.491768 
0.014760 0.955719 0.014760 0.014760 
0.250000 0.250000 0.250000 0.250000 
  46
0.479817 0.007972 0.046210 
0.462778 0.983711 0.462022 
0.057405 0.008317 0.491768 
0.014760 0.014760 0.955719 0.014760 
0.250000 0.250000 0.250000 0.250000 
  47
0.479817 0.007972 0.046210 
0.462778 0.983711 0.462022 
0.057405 0.008317 0.491768 
0.014760 0.014760 0.955719 0.014760 
0.250000 0.250000 0.250000 0.250000 
  48
0.479817 0.007972 0.046210 
0.462778 0.983711 0.462022 
0.057405 0.008317 0.491768 
0.014760 0.014760 0.014760 0.955719 
0.250000 0.250000 0.250000 0.250000 
  49
0.479817 0.007972 0.046210 
0.462778 0.983711 0.462022 
0.057405 0.008317 0.491768 
0.014760 0.014760 0.014760 0.955719 
0.250000 0.250000 0.250000 0.250000 
  50
0.479817 0.007972 0.046210 
0.462778 0.983711 0.462022 
0.057405 0.008317 0.491768 
0.955719 0.014760 0.014760 0.014760 
0.250000 0.250000 0.250000 0.250000 
  51
0.479817 0.007972 0.046210 
0.462778 0.983711 0.462022 
0.057405 0.008317 0.491768 
0.014760 0.014760 0.950019 0.020461 
0.250000 0.250000 0.250000 0.250000 
  52
0.479817 0.007972 0.046210 
0.462778 0.983711 0.462022 
0.057405 0.008317 0.491768 
0.014760 0.014760 0.014760 0.955719 
0.250000 0.250000 0.250000 0.250000 
  53
0.479817 0.007972 0.046210 
0.462778 0.983711 0.462022 
0.057405 0.008317 0.491768 
0.014760 0.014760 0.014760 0.955719 
0.250000 0.250000 0.250000 0.250000 
  54
0.479817 0.007972 0.046210 
0.462778 0.983711 0.462022 
0.057405 0.008317 0.491768 
0.014760 0.014760 0.014760 0.955719 
0.250000 0.250000 0.250000 0.250000 
  55
0.479817 0.007972 0.046210 
0.462778 0.983711 0.462022 
0.057405 0.008317 0.491768 
0.955719 0.014760 0.014760 0.014760 
0.250000 0.250000 0.250000 0.250000 
  56
0.479817 0.007972 0.046210 
0.462778 0.983711 0.462022 
0.057405 0.008317 0.491768 
0.014760 0.014760 0.955719 0.014760 
0.250000 0.250000 0.250000 0.250000 
  57
0.479817 0.007972 0.046210 
0.462778 0.983711 0.462022 
0.057405 0.008317 0.491768 
0.955719 0.014760 0.014760 0.014760 
0.250000 0.250000 0.250000 0.250000 
  58
0.479817 0.007972 0.046210 
0.462778 0.983711 0.462022 
0.057405 0.008317 0.491768 
0.014760 0.014760 0.945246 0.025233 
0.250000 0.250000 0.250000 0.250000 
  59
0.479817 0.007972 0.046210 
0.462778 0.983711 0.462022 
0.057405 0.008317 0.491768 
0.014760 0.014760 0.014760 0.955719 
0.250000 0.250000 0.250000 0.250000 
  60
0.479817 0.007972 0.046210 
0.462778 0.983711 0.462022 
0.057405 0.008317 0.491768 
0.955719 0.014760 0.014760 0.014760 
0.250000 0.250000 0.250000 0.250000 
  61
0.479817 0.007972 0.046210 
0.462778 0.983711 0.462022 
0.057405 0.008317 0.491768 
0.955719 0.014760 0.014760 0.014760 
0.250000 0.250000 0.250000 0.250000 
  62
0.479817 0.007972 0.046210 
0.462778 0.983711 0.462022 
0.057405 0.008317 0.491768 
0.014760 0.014760 0.014760 0.955719 
0.250000 0.250000 0.250000 0.250000 
  63
0.479817 0.007972 0.046210 
0.462778 0.983711 0.462022 
0.057405 0.008317 0.491768 
0.955719 0.014760 0.014760 0.014760 
0.250000 0.250000 0.250000 0.250000 
  64
0.479817 0.007972 0.046210 
0.462778 0.983711 0.462022 
0.057405 0.008317 0.491768 
0.014760 0.014760 0.955719 0.014760 
0.250000 0.250000 0.250000 0.250000 
  65
0.479817 0.007972 0.046210 
0.462778 0.983711 0.462022 
0.057405 0.008317 0.491768 
0.955719 0.014760 0.014760 0.014760 
0.250000 0.250000 0.250000 0.250000 
  66
0.479817 0.007972 0.046210 
0.462778 0.983711 0.462022 
0.057405 0.008317 0.491768 
0.014760 0.014760 0.155919 0.814561 
0.250000 0.250000 0.250000 0.250000 
  67
0.479817 0.007972 0.046210 
0.462778 0.983711 0.462022 
0.057405 0.008317 0.491768 
0.955719 0.014760 0.014760 0.014760 
0.250000 0.250000 0.250000 0.250000 
  68
0.479817 0.007972 0.046210 
0.462778 0.983711 0.462022 
0.057405 0.008317 0.491768 
0.014760 0.014760 0.014760 0.955719 
0.250000 0.250000 0.250000 0.250000 
  69
0.479817 0.007972 0.046210 
0.462778 0.983711 0.462022 
0.057405 0.008317 0.491768 
0.014760 0.955719 0.014760 0.014760 
0.250000 0.250000 0.250000 0.250000 
  70
0.479817 0.007972 0.046210 
0.462778 0.983711 0.462022 
0.057405 0.008317 0.491768 
0.955719 0.014760 0.014760 0.014760 
0.250000 0.250000 0.250000 0.250000 
  71
0.479817 0.007972 0.046210 
0.462778 0.983711 0.462022 
0.057405 0.008317 0.491768 
0.014760 0.014760 0.014760 0.955719 
0.250000 0.250000 0.250000 0.250000 
  72
0.479817 0.007972 0.046210 
0.462778 0.983711 0.462022 
0.057405 0.008317 0.491768 
0.105016 0.014760 0.865464 0.014760 
0.250000 0.250000 0.250000 0.250000 
  73
0.479817 0.007972 0.046210 
0.462778 0.983711 0.462022 
0.057405 0.008317 0.491768 
0.951490 0.014760 0.014760 0.018990 
0.250000 0.250000 0.250000 0.250000 
  74
0.479817 0.007972 0.046210 
0.462778 0.983711 0.462022 
0.057405 0.008317 0.491768 
0.014760 0.014760 0.955719 0.014760 
0.250000 0.250000 0.250000 0.250000 
  75
0.479817 0.007972 0.046210 
0.462778 0.983711 0.462022 
0.057405 0.008317 0.491768 
0.955719 0.014760 0.014760 0.014760 
0.250000 0.250000 0.250000 0.250000 
  76
0.479817 0.007972 0.046210 
0.462778 0.983711 0.462022 
0.057405 0.008317 0.491768 
0.955719 0.014760 0.014760 0.014760 
0.250000 0.250000 0.250000 0.250000 
  77
0.479817 0.007972 0.046210 
0.462778 0.983711 0.462022 
0.057405 0.008317 0.491768 
0.014760 0.014760 0.955719 0.014760 
0.250000 0.250000 0.250000 0.250000 
  78
0.479817 0.007972 0.046210 
0.462778 0.983711 0.462022 
0.057405 0.008317 0.491768 
0.955719 0.014760 0.014760 0.014760 
0.250000 0.250000 0.250000 0.250000 
  79
0.479817 0.007972 0.046210 
0.462778 0.983711 0.462022 
0.057405 0.008317 0.491768 
0.955719 0.014760 0.014760 0.014760 
0.250000 0.250000 0.250000 0.250000 
  80
0.479817 0.007972 0.046210 
0.462778 0.983711 0.462022 
0.057405 0.008317 0.491768 
0.014760 0.014760 0.014760 0.955719 
0.250000 0.250000 0.250000 0.250000 
  81
0.479817 0.007972 0.046210 
0.462778 0.983711 0.462022 
0.057405 0.008317 0.491768 
0.955719 0.014760 0.014760 0.014760 
0.250000 0.250000 0.250000 0.250000 
  82
0.479817 0.007972 0.046210 
0.462778 0.983711 0.462022 
0.057405 0.008317 0.491768 
0.955719 0.014760 0.014760 0.014760 
0.250000 0.250000 0.250000 0.250000 
  83
0.479817 0.007972 0.046210 
0.462778 0.983711 0.462022 
0.057405 0.008317 0.491768 
0.014760 0.014760 0.014760 0.955719 
0.250000 0.250000 0.250000 0.250000 
  84
0.479817 0.007972 0.046210 
0.462778 0.983711 0.462022 
0.057405 0.008317 0.491768 
0.018623 0.014760 0.951857 0.014760 
0.250000 0.250000 0.250000 0.250000 
  85
0.479817 0.007972 0.046210 
0.462778 0.983711 0.462022 
0.057405 0.008317 0.491768 
0.014760 0.014760 0.014760 0.955719 
0.250000 0.250000 0.250000 0.250000 
  86
0.479817 0.007972 0.046210 
0.462778 0.983711 0.462022 
0.057405 0.008317 0.491768 
0.014760 0.014760 0.951528 0.018952 
0.250000 0.250000 0.250000 0.250000 
  87
0.479817 0.007972 0.046210 
0.462778 0.983711 0.462022 
0.057405 0.008317 0.491768 
0.014760 0.014760 0.014760 0.955719 
0.250000 0.250000 0.250000 0.250000 
  88
0.479817 0.007972 0.046210 
0.462778 0.983711 0.462022 
0.057405 0.008317 0.491768 
0.014760 0.018223 0.014760 0.952257 
0.250000 0.250000 0.250000 0.250000 
  89
0.479817 0.007972 0.046210 
0.462778 0.983711 0.462022 
0.057405 0.008317 0.491768 
0.014760 0.014760 0.014760 0.955719 
0.250000 0.250000 0.250000 0.250000 
  90
0.479817 0.007972 0.046210 
0.462778 0.983711 0.462022 
0.057405 0.008317 0.491768 
0.036452 0.934028 0.014760 0.014760 
0.250000 0.250000 0.250000 0.250000 
  91
0.479817 0.007972 0.046210 
0.462778 0.983711 0.462022 
0.057405 0.008317 0.491768 
0.014760 0.014760 0.944330 0.026150 
0.250000 0.250000 0.250000 0.250000 
  92
0.479817 0.007972 0.046210 
0.462778 0.983711 0.462022 
0.057405 0.008317 0.491768 
0.014760 0.014760 0.014760 0.955719 
0.250000 0.250000 0.250000 0.250000 
  93
0.479817 0.007972 0.046210 
0.462778 0.983711 0.462022 
0.057405 0.008317 0.491768 
0.946772 0.023708 0.014760 0.014760 
0.250000 0.250000 0.250000 0.250000 
  94
0.479817 0.007972 0.046210 
0.462778 0.983711 0.462022 
0.057405 0.008317 0.491768 
0.955719 0.014760 0.014760 0.014760 
0.250000 0.250000 0.250000 0.250000 
  95
0.479817 0.007972 0.046210 
0.462778 0.983711 0.462022 
0.057405 0.008317 0.491768 
0.014760 0.014760 0.014760 0.955719 
0.250000 0.250000 0.250000 0.250000 
  96
0.479817 0.007972 0.046210 
0.462778 0.983711 0.462022 
0.057405 0.008317 0.491768 
0.014760 0.014760 0.955719 0.014760 
0.250000 0.250000 0.250000 0.250000 
  97
0.479817 0.007972 0.046210 
0.462778 0.983711 0.462022 
0.057405 0.008317 0.491768 
0.955719 0.014760 0.014760 0.014760 
0.250000 0.250000 0.250000 0.250000 
  98
0.479817 0.007972 0.046210 
0.462778 0.983711 0.462022 
0.057405 0.008317 0.491768 
0.014760 0.014760 0.014760 0.955719 
0.250000 0.250000 0.250000 0.250000 
  99
0.479817 0.007972 0.046210 
0.462778 0.983711 0.462022 
0.057405 0.008317 0.491768 
0.955719 0.014760 0.014760 0.014760 
0.250000 0.250000 0.250000 0.250000 
 100
0.479817 0.007972 0.046210 
0.462778 0.983711 0.462022 
0.057405 0.008317 0.491768 
0.955719 0.014760 0.014760 0.014760 
0.250000 0.250000 0.250000 0.250000 
 101
0.479817 0.007972 0.046210 
0.462778 0.983711 0.462022 
0.057405 0.008317 0.491768 
0.014760 0.014760 0.014760 0.955719 
0.250000 0.250000 0.250000 0.250000 
 102
0.479817 0.007972 0.046210 
0.462778 0.983711 0.462022 
0.057405 0.008317 0.491768 
0.014760 0.014760 0.955719 0.014760 
0.250000 0.250000 0.250000 0.250000 
 103
0.479817 0.007972 0.046210 
0.462778 0.983711 0.462022 
0.057405 0.008317 0.491768 
0.014760 0.014760 0.014760 0.955719 
0.250000 0.250000 0.250000 0.250000 
 104
0.479817 0.007972 0.046210 
0.462778 0.983711 0.462022 
0.057405 0.008317 0.491768 
0.014760 0.014760 0.955719 0.014760 
0.250000 0.250000 0.250000 0.250000 
 105
0.479817 0.007972 0.046210 
0.462778 0.983711 0.462022 
0.057405 0.008317 0.491768 
0.025037 0.014760 0.910226 0.049977 
0.250000 0.250000 0.250000 0.250000 
 106
0.479817 0.007972 0.046210 
0.462778 0.983711 0.462022 
0.057405 0.008317 0.491768 
0.955719 0.014760 0.014760 0.014760 
0.250000 0.250000 0.250000 0.250000 
 107
0.479817 0.007972 0.046210 
0.462778 0.983711 0.462022 
0.057405 0.008317 0.491768 
0.014760 0.014760 0.014760 0.955719 
0.250000 0.250000 0.250000 0.250000 
 108
0.479817 0.007972 0.046210 
0.462778 0.983711 0.462022 
0.057405 0.008317 0.491768 
0.014760 0.014760 0.945246 0.025233 
0.250000 0.250000 0.250000 0.250000 
 109
0.479817 0.007972 0.046210 
0.462778 0.983711 0.462022 
0.057405 0.008317 0.491768 
0.955719 0.014760 0.014760 0.014760 
0.250000 0.250000 0.250000 0.250000 
 110
0.479817 0.007972 0.046210 
0.462778 0.983711 0.462022 
0.057405 0.008317 0.491768 
0.014760 0.014760 0.014760 0.955719 
0.250000 0.250000 0.250000 0.250000 
 111
0.479817 0.007972 0.046210 
0.462778 0.983711 0.462022 
0.057405 0.008317 0.491768 
0.014760 0.955719 0.014760 0.014760 
0.250000 0.250000 0.250000 0.250000 
 112
0.479817 0.007972 0.046210 
0.462778 0.983711 0.462022 
0.057405 0.008317 0.491768 
0.955719 0.014760 0.014760 0.014760 
0.250000 0.250000 0.250000 0.250000 
 113
0.479817 0.007972 0.046210 
0.462778 0.983711 0.462022 
0.057405 0.008317 0.491768 
0.014760 0.014760 0.014760 0.955719 
0.250000 0.250000 0.250000 0.250000 
 114
0.479817 0.007972 0.046210 
0.462778 0.983711 0.462022 
0.057405 0.008317 0.491768 
0.014760 0.014760 0.014760 0.955719 
0.250000 0.250000 0.250000 0.250000 
 115
0.479817 0.007972 0.046210 
0.462778 0.983711 0.462022 
0.057405 0.008317 0.491768 
0.014760 0.955719 0.014760 0.014760 
0.250000 0.250000 0.250000 0.250000 
 116
0.479817 0.007972 0.046210 
0.462778 0.983711 0.462022 
0.057405 0.008317 0.491768 
0.014760 0.014760 0.955719 0.014760 
0.250000 0.250000 0.250000 0.250000 
 117
0.479817 0.007972 0.046210 
0.462778 0.983711 0.462022 
0.057405 0.008317 0.491768 
0.955719 0.014760 0.014760 0.014760 
0.250000 0.250000 0.250000 0.250000 
 118
0.479817 0.007972 0.046210 
0.462778 0.983711 0.462022 
0.057405 0.008317 0.491768 
0.955719 0.014760 0.014760 0.014760 
0.250000 0.250000 0.250000 0.250000 
 119
0.479817 0.007972 0.046210 
0.462778 0.983711 0.462022 
0.057405 0.008317 0.491768 
0.014760 0.014760 0.014760 0.955719 
0.250000 0.250000 0.250000 0.250000 
 120
0.479817 0.007972 0.046210 
0.462778 0.983711 0.462022 
0.057405 0.008317 0.491768 
0.955719 0.014760 0.014760 0.014760 
0.250000 0.250000 0.250000 0.250000 
 121
0.479817 0.007972 0.046210 
0.462778 0.983711 0.462022 
0.057405 0.008317 0.491768 
0.014760 0.014760 0.950513 0.019967 
0.250000 0.250000 0.250000 0.250000 
 122
0.479817 0.007972 0.046210 
0.462778 0.983711 0.462022 
0.057405 0.008317 0.491768 
0.014760 0.014760 0.014760 0.955719 
0.250000 0.250000 0.250000 0.250000 
 123
0.479817 0.007972 0.046210 
0.462778 0.983711 0.462022 
0.057405 0.008317 0.491768 
0.955719 0.014760 0.014760 0.014760 
0.250000 0.250000 0.250000 0.250000 
 124
0.479817 0.007972 0.046210 
0.462778 0.983711 0.462022 
0.057405 0.008317 0.491768 
0.955719 0.014760 0.014760 0.014760 
0.250000 0.250000 0.250000 0.250000 
 125
0.479817 0.007972 0.046210 
0.462778 0.983711 0.462022 
0.057405 0.008317 0.491768 
0.955719 0.014760 0.014760 0.014760 
0.250000 0.250000 0.250000 0.250000 
 126
0.479817 0.007972 0.046210 
0.462778 0.983711 0.462022 
0.057405 0.008317 0.491768 
0.014760 0.014760 0.947556 0.022924 
0.250000 0.250000 0.250000 0.250000 
 127
0.479817 0.007972 0.046210 
0.462778 0.983711 0.462022 
0.057405 0.008317 0.491768 
0.955719 0.014760 0.014760 0.014760 
0.250000 0.250000 0.250000 0.250000 
 128
0.479817 0.007972 0.046210 
0.462778 0.983711 0.462022 
0.057405 0.008317 0.491768 
0.955719 0.014760 0.014760 0.014760 
0.250000 0.250000 0.250000 0.250000 
 129
0.479817 0.007972 0.046210 
0.462778 0.983711 0.462022 
0.057405 0.008317 0.491768 
0.955719 0.014760 0.014760 0.014760 
0.250000 0.250000 0.250000 0.250000 
 130
0.479817 0.007972 0.046210 
0.462778 0.983711 0.462022 
0.057405 0.008317 0.491768 
0.014760 0.014760 0.955719 0.014760 
0.250000 0.250000 0.250000 0.250000 
 131
0.479817 0.007972 0.046210 
0.462778 0.983711 0.462022 
0.057405 0.008317 0.491768 
0.014760 0.014760 0.014760 0.955719 
0.250000 0.250000 0.250000 0.250000 
 132
0.479817 0.007972 0.046210 
0.462778 0.983711 0.462022 
0.057405 0.008317 0.491768 
0.014760 0.014760 0.947250 0.023230 
0.250000 0.250000 0.250000 0.250000 
 133
0.479817 0.007972 0.046210 
0.462778 0.983711 0.462022 
0.057405 0.008317 0.491768 
0.014760 0.014760 0.014760 0.955719 
0.250000 0.250000 0.250000 0.250000 
 134
0.479817 0.007972 0.046210 
0.462778 0.983711 0.462022 
0.057405 0.008317 0.491768 
0.021965 0.948514 0.014760 0.014760 
0.250000 0.250000 0.250000 0.250000 
 135
0.479817 0.007972 0.046210 
0.462778 0.983711 0.462022 
0.057405 0.008317 0.491768 
0.014760 0.014760 0.014760 0.955719 
0.250000 0.250000 0.250000 0.250000 
 136
0.479817 0.007972 0.046210 
0.462778 0.983711 0.462022 
0.057405 0.008317 0.491768 
0.014760 0.955719 0.014760 0.014760 
0.250000 0.250000 0.250000 0.250000 
 137
0.479817 0.007972 0.046210 
0.462778 0.983711 0.462022 
0.057405 0.008317 0.491768 
0.955719 0.014760 0.014760 0.014760 
0.250000 0.250000 0.250000 0.250000 
 138
0.479817 0.007972 0.046210 
0.462778 0.983711 0.462022 
0.057405 0.008317 0.491768 
0.955719 0.014760 0.014760 0.014760 
0.250000 0.250000 0.250000 0.250000 
 139
0.479817 0.007972 0.046210 
0.462778 0.983711 0.462022 
0.057405 0.008317 0.491768 
0.014760 0.014760 0.014760 0.955719 
0.250000 0.250000 0.250000 0.250000 
 140
0.479817 0.007972 0.046210 
0.462778 0.983711 0.462022 
0.057405 0.008317 0.491768 
0.955719 0.014760 0.014760 0.014760 
0.250000 0.250000 0.250000 0.250000 
 141
0.479817 0.007972 0.046210 
0.462778 0.983711 0.462022 
0.057405 0.008317 0.491768 
0.014760 0.014760 0.026150 0.944330 
0.250000 0.250000 0.250000 0.250000 
 142
0.479817 0.007972 0.046210 
0.462778 0.983711 0.462022 
0.057405 0.008317 0.491768 
0.955719 0.014760 0.014760 0.014760 
0.250000 0.250000 0.250000 0.250000 
 143
0.479817 0.007972 0.046210 
0.462778 0.983711 0.462022 
0.057405 0.008317 0.491768 
0.955719 0.014760 0.014760 0.014760 
0.250000 0.250000 0.250000 0.250000 
 144
0.479817 0.007972 0.046210 
0.462778 0.983711 0.462022 
0.057405 0.008317 0.491768 
0.014760 0.014760 0.950922 0.019557 
0.250000 0.250000 0.250000 0.250000 
 145
0.479817 0.007972 0.046210 
0.462778 0.983711 0.462022 
0.057405 0.008317 0.491768 
0.019100 0.897606 0.014760 0.068533 
0.250000 0.250000 0.250000 0.250000 
 146
0.479817 0.007972 0.046210 
0.462778 0.983711 0.462022 
0.057405 0.008317 0.491768 
0.014760 0.014760 0.014760 0.955719 
0.250000 0.250000 0.250000 0.250000 
 147
0.479817 0.007972 0.046210 
0.462778 0.983711 0.462022 
0.057405 0.008317 0.491768 
0.955719 0.014760 0.014760 0.014760 
0.250000 0.250000 0.250000 0.250000 
 148
0.479817 0.007972 0.046210 
0.462778 0.983711 0.462022 
0.057405 0.008317 0.491768 
0.014760 0.025233 0.014760 0.945246 
0.250000 0.250000 0.250000 0.250000 
 149
0.479817 0.007972 0.046210 
0.462778 0.983711 0.462022 
0.057405 0.008317 0.491768 
0.014760 0.014760 0.027855 0.942624 
0.250000 0.250000 0.250000 0.250000 
 150
0.479817 0.007972 0.046210 
0.462778 0.983711 0.462022 
0.057405 0.008317 0.491768 
0.014760 0.014760 0.955719 0.014760 
0.250000 0.250000 0.250000 0.250000 
 151
0.479817 0.007972 0.046210 
0.462778 0.983711 0.462022 
0.057405 0.008317 0.491768 
0.014760 0.014760 0.955719 0.014760 
0.250000 0.250000 0.250000 0.250000 
 152
0.479817 0.007972 0.046210 
0.462778 0.983711 0.462022 
0.057405 0.008317 0.491768 
0.955719 0.014760 0.014760 0.014760 
0.250000 0.250000 0.250000 0.250000 
 153
0.479817 0.007972 0.046210 
0.462778 0.983711 0.462022 
0.057405 0.008317 0.491768 
0.014760 0.014760 0.037628 0.932851 
0.250000 0.250000 0.250000 0.250000 
 154
0.479817 0.007972 0.046210 
0.462778 0.983711 0.462022 
0.057405 0.008317 0.491768 
0.955719 0.014760 0.014760 0.014760 
0.250000 0.250000 0.250000 0.250000 
 155
0.479817 0.007972 0.046210 
0.462778 0.983711 0.462022 
0.057405 0.008317 0.491768 
0.955719 0.014760 0.014760 0.014760 
0.250000 0.250000 0.250000 0.250000 
 156
0.479817 0.007972 0.046210 
0.462778 0.983711 0.462022 
0.057405 0.008317 0.491768 
0.014760 0.014760 0.950839 0.019641 
0.250000 0.250000 0.250000 0.250000 
 157
0.479817 0.007972 0.046210 
0.462778 0.983711 0.462022 
0.057405 0.008317 0.491768 
0.955719 0.014760 0.014760 0.014760 
0.250000 0.250000 0.250000 0.250000 
 158
0.479817 0.007972 0.046210 
0.462778 0.983711 0.462022 
0.057405 0.008317 0.491768 
0.955719 0.014760 0.014760 0.014760 
0.250000 0.250000 0.250000 0.250000 
 159
0.479817 0.007972 0.046210 
0.462778 0.983711 0.462022 
0.057405 0.008317 0.491768 
0.955719 0.014760 0.014760 0.014760 
0.250000 0.250000 0.250000 0.250000 
 160
0.479817 0.007972 0.046210 
0.462778 0.983711 0.462022 
0.057405 0.008317 0.491768 
0.955719 0.014760 0.014760 0.014760 
0.250000 0.250000 0.250000 0.250000 
 161
0.479817 0.007972 0.046210 
0.462778 0.983711 0.462022 
0.057405 0.008317 0.491768 
0.014760 0.014760 0.955719 0.014760 
0.250000 0.250000 0.250000 0.250000 
 162
0.479817 0.007972 0.046210 
0.462778 0.983711 0.462022 
0.057405 0.008317 0.491768 
0.014760 0.014760 0.955719 0.014760 
0.250000 0.250000 0.250000 0.250000 
 163
0.479817 0.007972 0.046210 
0.462778 0.983711 0.462022 
0.057405 0.008317 0.491768 
0.014760 0.014760 0.014760 0.955719 
0.250000 0.250000 0.250000 0.250000 
 164
0.479817 0.007972 0.046210 
0.462778 0.983711 0.462022 
0.057405 0.008317 0.491768 
0.014760 0.014760 0.014760 0.955719 
0.250000 0.250000 0.250000 0.250000 
 165
0.479817 0.007972 0.046210 
0.462778 0.983711 0.462022 
0.057405 0.008317 0.491768 
0.014760 0.014760 0.020379 0.950101 
0.250000 0.250000 0.250000 0.250000 
 166
0.479817 0.007972 0.046210 
0.462778 0.983711 0.462022 
0.057405 0.008317 0.491768 
0.014760 0.955719 0.014760 0.014760 
0.250000 0.250000 0.250000 0.250000 
 167
0.479817 0.007972 0.046210 
0.462778 0.983711 0.462022 
0.057405 0.008317 0.491768 
0.955719 0.014760 0.014760 0.014760 
0.250000 0.250000 0.250000 0.250000 
 168
0.479817 0.007972 0.046210 
0.462778 0.983711 0.462022 
0.057405 0.008317 0.491768 
0.014760 0.955719 0.014760 0.014760 
0.250000 0.250000 0.250000 0.250000 
 169
0.479817 0.007972 0.046210 
0.462778 0.983711 0.462022 
0.057405 0.008317 0.491768 
0.031769 0.014760 0.930241 0.023230 
0.250000 0.250000 0.250000 0.250000 
 170
0.479817 0.007972 0.046210 
0.462778 0.983711 0.462022 
0.057405 0.008317 0.491768 
0.014760 0.014760 0.023181 0.947298 
0.250000 0.250000 0.250000 0.250000 
 171
0.479817 0.007972 0.046210 
0.462778 0.983711 0.462022 
0.057405 0.008317 0.491768 
0.951256 0.019224 0.014760 0.014760 
0.250000 0.250000 0.250000 0.250000 
 172
0.479817 0.007972 0.046210 
0.462778 0.983711 0.462022 
0.057405 0.008317 0.491768 
0.014760 0.014760 0.955719 0.014760 
0.250000 0.250000 0.250000 0.250000 
 173
0.479817 0.007972 0.046210 
0.462778 0.983711 0.462022 
0.057405 0.008317 0.491768 
0.014760 0.014760 0.955719 0.014760 
0.250000 0.250000 0.250000 0.250000 
 174
0.479817 0.007972 0.046210 
0.462778 0.983711 0.462022 
0.057405 0.008317 0.491768 
0.938348 0.032131 0.014760 0.014760 
0.250000 0.250000 0.250000 0.250000 
 175
0.479817 0.007972 0.046210 
0.462778 0.983711 0.462022 
0.057405 0.008317 0.491768 
0.955719 0.014760 0.014760 0.014760 
0.250000 0.250000 0.250000 0.250000 
 176
0.479817 0.007972 0.046210 
0.462778 0.983711 0.462022 
0.057405 0.008317 0.491768 
0.014760 0.955719 0.014760 0.014760 
0.250000 0.250000 0.250000 0.250000 
 177
0.479817 0.007972 0.046210 
0.462778 0.983711 0.462022 
0.057405 0.008317 0.491768 
0.934614 0.035866 0.014760 0.014760 
0.250000 0.250000 0.250000 0.250000 
 178
0.479817 0.007972 0.046210 
0.462778 0.983711 0.462022 
0.057405 0.008317 0.491768 
0.014760 0.955719 0.014760 0.014760 
0.250000 0.250000 0.250000 0.250000 
 179
0.479817 0.007972 0.046210 
0.462778 0.983711 0.462022 
0.057405 0.008317 0.491768 
0.014760 0.014760 0.955719 0.014760 
0.250000 0.250000 0.250000 0.250000 
 180
0.479817 0.007972 0.046210 
0.462778 0.983711 0.462022 
0.057405 0.008317 0.491768 
0.014760 0.014760 0.014760 0.955719 
0.250000 0.250000 0.250000 0.250000 
 181
0.479817 0.007972 0.046210 
0.462778 0.983711 0.462022 
0.057405 0.008317 0.491768 
0.014760 0.014760 0.955719 0.014760 
0.250000 0.250000 0.250000 0.250000 
 182
0.479817 0.007972 0.046210 
0.462778 0.983711 0.462022 
0.057405 0.008317 0.491768 
0.014760 0.955719 0.014760 0.014760 
0.250000 0.250000 0.250000 0.250000 
 183
0.479817 0.007972 0.046210 
0.462778 0.983711 0.462022 
0.057405 0.008317 0.491768 
0.955719 0.014760 0.014760 0.014760 
0.250000 0.250000 0.250000 0.250000 
 184
0.479817 0.007972 0.046210 
0.462778 0.983711 0.462022 
0.057405 0.008317 0.491768 
0.014815 0.955556 0.014815 0.014815 
0.250000 0.250000 0.250000 0.250000 
 185
0.479817 0.007972 0.046210 
0.462778 0.983711 0.462022 
0.057405 0.008317 0.491768 
0.014760 0.014760 0.014760 0.955719 
0.250000 0.250000 0.250000 0.250000 
 186
0.479817 0.007972 0.046210 
0.462778 0.983711 0.462022 
0.057405 0.008317 0.491768 
0.052023 0.014760 0.907477 0.025739 
0.250000 0.250000 0.250000 0.250000 
 187
0.479817 0.007972 0.046210 
0.462778 0.983711 0.462022 
0.057405 0.008317 0.491768 
0.955719 0.014760 0.014760 0.014760 
0.250000 0.250000 0.250000 0.250000 
 188
0.479817 0.007972 0.046210 
0.462778 0.983711 0.462022 
0.057405 0.008317 0.491768 
0.955719 0.014760 0.014760 0.014760 
0.250000 0.250000 0.250000 0.250000 
 189
0.479817 0.007972 0.046210 
0.462778 0.983711 0.462022 
0.057405 0.008317 0.491768 
0.014760 0.014760 0.034619 0.935860 
0.250000 0.250000 0.250000 0.250000 
 190
0.479817 0.007972 0.046210 
0.462778 0.983711 0.462022 
0.057405 0.008317 0.491768 
0.955719 0.014760 0.014760 0.014760 
0.250000 0.250000 0.250000 0.250000 
 191
0.479817 0.007972 0.046210 
0.462778 0.983711 0.462022 
0.057405 0.008317 0.491768 
0.014760 0.014760 0.955719 0.014760 
0.250000 0.250000 0.250000 0.250000 
 192
0.479817 0.007972 0.046210 
0.462778 0.983711 0.462022 
0.057405 0.008317 0.491768 
0.955719 0.014760 0.014760 0.014760 
0.250000 0.250000 0.250000 0.250000 
 193
0.479817 0.007972 0.046210 
0.462778 0.983711 0.462022 
0.057405 0.008317 0.491768 
0.014760 0.014760 0.014760 0.955719 
0.250000 0.250000 0.250000 0.250000 
 194
0.479817 0.007972 0.046210 
0.462778 0.983711 0.462022 
0.057405 0.008317 0.491768 
0.955719 0.014760 0.014760 0.014760 
0.250000 0.250000 0.250000 0.250000 
 195
0.479817 0.007972 0.046210 
0.462778 0.983711 0.462022 
0.057405 0.008317 0.491768 
0.014760 0.955719 0.014760 0.014760 
0.250000 0.250000 0.250000 0.250000 
 196
0.479817 0.007972 0.046210 
0.462778 0.983711 0.462022 
0.057405 0.008317 0.491768 
0.014760 0.014760 0.955719 0.014760 
0.250000 0.250000 0.250000 0.250000 
 197
0.479817 0.007972 0.046210 
0.462778 0.983711 0.462022 
0.057405 0.008317 0.491768 
0.955719 0.014760 0.014760 0.014760 
0.250000 0.250000 0.250000 0.250000 
 198
0.479817 0.007972 0.046210 
0.462778 0.983711 0.462022 
0.057405 0.008317 0.491768 
0.014760 0.014760 0.019755 0.950725 
0.250000 0.250000 0.250000 0.250000 
 199
0.479817 0.007972 0.046210 
0.462778 0.983711 0.462022 
0.057405 0.008317 0.491768 
0.014760 0.014760 0.022229 0.948250 
0.250000 0.250000 0.250000 0.250000 
 200
0.479817 0.007972 0.046210 
0.462778 0.983711 0.462022 
0.057405 0.008317 0.491768 
0.014760 0.014760 0.955719 0.014760 
0.250000 0.250000 0.250000 0.250000 
 201
0.479817 0.007972 0.046210 
0.462778 0.983711 0.462022 
0.057405 0.008317 0.491768 
0.945246 0.014760 0.025233 0.014760 
0.250000 0.250000 0.250000 0.250000 
 202
0.479817 0.007972 0.046210 
0.462778 0.983711 0.462022 
0.057405 0.008317 0.491768 
0.025037 0.014760 0.925977 0.034227 
0.250000 0.250000 0.250000 0.250000 
 203
0.479817 0.007972 0.046210 
0.462778 0.983711 0.462022 
0.057405 0.008317 0.491768 
0.014760 0.014760 0.955719 0.014760 
0.250000 0.250000 0.250000 0.250000 
 204
0.479817 0.007972 0.046210 
0.462778 0.983711 0.462022 
0.057405 0.008317 0.491768 
0.955719 0.014760 0.014760 0.014760 
0.250000 0.250000 0.250000 0.250000 
 205
0.479817 0.007972 0.046210 
0.462778 0.983711 0.462022 
0.057405 0.008317 0.491768 
0.955719 0.014760 0.014760 0.014760 
0.250000 0.250000 0.250000 0.250000 
 206
0.479817 0.007972 0.046210 
0.462778 0.983711 0.462022 
0.057405 0.008317 0.491768 
0.014760 0.014760 0.014760 0.955719 
0.250000 0.250000 0.250000 0.250000 
 207
0.479817 0.007972 0.046210 
0.462778 0.983711 0.462022 
0.057405 0.008317 0.491768 
0.014760 0.014760 0.955719 0.014760 
0.250000 0.250000 0.250000 0.250000 
 208
0.479817 0.007972 0.046210 
0.462778 0.983711 0.462022 
0.057405 0.008317 0.491768 
0.014760 0.014760 0.023230 0.947250 
0.250000 0.250000 0.250000 0.250000 
 209
0.479817 0.007972 0.046210 
0.462778 0.983711 0.462022 
0.057405 0.008317 0.491768 
0.023230 0.947250 0.014760 0.014760 
0.250000 0.250000 0.250000 0.250000 
 210
0.479817 0.007972 0.046210 
0.462778 0.983711 0.462022 
0.057405 0.008317 0.491768 
0.955719 0.014760 0.014760 0.014760 
0.250000 0.250000 0.250000 0.250000 
 211
0.479817 0.007972 0.046210 
0.462778 0.983711 0.462022 
0.057405 0.008317 0.491768 
0.014760 0.014760 0.023230 0.947250 
0.250000 0.250000 0.250000 0.250000 
 212
0.479817 0.007972 0.046210 
0.462778 0.983711 0.462022 
0.057405 0.008317 0.491768 
0.027693 0.942786 0.014760 0.014760 
0.250000 0.250000 0.250000 0.250000 
 213
0.479817 0.007972 0.046210 
0.462778 0.983711 0.462022 
0.057405 0.008317 0.491768 
0.031769 0.938711 0.014760 0.014760 
0.250000 0.250000 0.250000 0.250000 
 214
0.479817 0.007972 0.046210 
0.462778 0.983711 0.462022 
0.057405 0.008317 0.491768 
0.014760 0.014760 0.951347 0.019133 
0.250000 0.250000 0.250000 0.250000 
 215
0.479817 0.007972 0.046210 
0.462778 0.983711 0.462022 
0.057405 0.008317 0.491768 
0.014760 0.014760 0.023230 0.947250 
0.250000 0.250000 0.250000 0.250000 
 216
0.479817 0.007972 0.046210 
0.462778 0.983711 0.462022 
0.057405 0.008317 0.491768 
0.036452 0.014760 0.928409 0.020379 
0.250000 0.250000 0.250000 0.250000 
 217
0.479817 0.007972 0.046210 
0.462778 0.983711 0.462022 
0.057405 0.008317 0.491768 
0.955719 0.014760 0.014760 0.014760 
0.250000 0.250000 0.250000 0.250000 
 218
0.479817 0.007972 0.046210 
0.462778 0.983711 0.462022 
0.057405 0.008317 0.491768 
0.955719 0.014760 0.014760 0.014760 
0.250000 0.250000 0.250000 0.250000 
 219
0.479817 0.007972 0.046210 
0.462778 0.983711 0.462022 
0.057405 0.008317 0.491768 
0.955719 0.014760 0.014760 0.014760 
0.250000 0.250000 0.250000 0.250000 
 220
0.479817 0.007972 0.046210 
0.462778 0.983711 0.462022 
0.057405 0.008317 0.491768 
0.955719 0.014760 0.014760 0.014760 
0.250000 0.250000 0.250000 0.250000 
 221
0.479817 0.007972 0.046210 
0.462778 0.983711 0.462022 
0.057405 0.008317 0.491768 
0.014760 0.014760 0.955719 0.014760 
0.250000 0.250000 0.250000 0.250000 
 222
0.479817 0.007972 0.046210 
0.462778 0.983711 0.462022 
0.057405 0.008317 0.491768 
0.955719 0.014760 0.014760 0.014760 
0.250000 0.250000 0.250000 0.250000 
 223
0.479817 0.007972 0.046210 
0.462778 0.983711 0.462022 
0.057405 0.008317 0.491768 
0.014760 0.955719 0.014760 0.014760 
0.250000 0.250000 0.250000 0.250000 
 224
0.479817 0.007972 0.046210 
0.462778 0.983711 0.462022 
0.057405 0.008317 0.491768 
0.014760 0.014760 0.048692 0.921787 
0.250000 0.250000 0.250000 0.250000 
 225
0.479817 0.007972 0.046210 
0.462778 0.983711 0.462022 
0.057405 0.008317 0.491768 
0.948438 0.014760 0.022042 0.014760 
0.250000 0.250000 0.250000 0.250000 
 226
0.479817 0.007972 0.046210 
0.462778 0.983711 0.462022 
0.057405 0.008317 0.491768 
0.955719 0.014760 0.014760 0.014760 
0.250000 0.250000 0.250000 0.250000 
 227
0.479817 0.007972 0.046210 
0.462778 0.983711 0.462022 
0.057405 0.008317 0.491768 
0.014760 0.014760 0.942848 0.027631 
0.250000 0.250000 0.250000 0.250000 
 228
0.479817 0.007972 0.046210 
0.462778 0.983711 0.462022 
0.057405 0.008317 0.491768 
0.014760 0.014760 0.927067 0.043413 
0.250000 0.250000 0.250000 0.250000 
 229
0.479817 0.007972 0.046210 
0.462778 0.983711 0.462022 
0.057405 0.008317 0.491768 
0.014760 0.014760 0.014760 0.955719 
0.250000 0.250000 0.250000 0.250000 
 230
0.479817 0.007972 0.046210 
0.462778 0.983711 0.462022 
0.057405 0.008317 0.491768 
0.014760 0.014760 0.014760 0.955719 
0.250000 0.250000 0.250000 0.250000 
 231
0.479817 0.007972 0.046210 
0.462778 0.983711 0.462022 
0.057405 0.008317 0.491768 
0.014760 0.955719 0.014760 0.014760 
0.250000 0.250000 0.250000 0.250000 
 232
0.479817 0.007972 0.046210 
0.462778 0.983711 0.462022 
0.057405 0.008317 0.491768 
0.014760 0.014760 0.955719 0.014760 
0.250000 0.250000 0.250000 0.250000 
 233
0.479817 0.007972 0.046210 
0.462778 0.983711 0.462022 
0.057405 0.008317 0.491768 
0.955719 0.014760 0.014760 0.014760 
0.250000 0.250000 0.250000 0.250000 
 234
0.479817 0.007972 0.046210 
0.462778 0.983711 0.462022 
0.057405 0.008317 0.491768 
0.014760 0.014760 0.022441 0.948039 
0.250000 0.250000 0.250000 0.250000 
 235
0.479817 0.007972 0.046210 
0.462778 0.983711 0.462022 
0.057405 0.008317 0.491768 
0.014760 0.014760 0.014760 0.955719 
0.250000 0.250000 0.250000 0.250000 
 236
0.479817 0.007972 0.046210 
